32, 37, 47, 226, 268, 280, 283, 339, 348, 377, 400, 433, 461, 527, 606, 732, 795, 815, 831, 847, 875, 921, 979, 1009, 1025, 1050, 1062, 1064, 1150, 1221, 1233, 1257, 1304, 1312, 1347, 1372, 1386, 1391, 1409, 1487, 1597, 1629, 1687, 1690, 1735, 1748, 1777, 1822, 1845, 1857, 1887, 1957, 2011, 2071, 2084, 2087, 2114, 2148, 2186, 2245, 2266, 2367, 2391, 2401, 2429, 2551, 2591, 2665, 2692, 2771, 2782, 2792, 2812, 2843, 2850, 2854, 2948, 2988, 3079, 3091, 3186, 3203, 3282, 3312, 3320, 3325, 3355, 3373, 3405, 3443, 3459, 3489, 3499, 3502, 3625, 3628, 3670, 3719, 3730, 3757
16, 64, 107, 117, 141, 233, 266, 272, 332, 350, 364, 439, 453, 511, 554, 565, 578, 614, 636, 677, 744, 747, 814, 827, 858, 874, 944, 959, 1023, 1058, 1077, 1086, 1249, 1262, 1305, 1314, 1316, 1371, 1380, 1546, 1561, 1577, 1622, 1626, 1753, 1804, 1819, 1854, 1856, 1896, 1947, 1996, 2109, 2184, 2207, 2296, 2327, 2348, 2351, 2353, 2476, 2477, 2479, 2481, 2498, 2499, 2537, 2566, 2630, 2654, 2685, 2702, 2893, 2922, 3069, 3101, 3139, 3227, 3228, 3246, 3257, 3299, 3306, 3334, 3358, 3410, 3417, 3448, 3481, 3567, 3579, 3601, 3633, 3638, 3643, 3687, 3688, 3698, 3704, 3716
114, 123, 133, 292, 386, 485, 488, 489, 543, 559, 560, 569, 570, 580, 611, 615, 623, 645, 706, 737, 778, 824, 853, 854, 859, 861, 865, 892, 928, 978, 1073, 1184, 1212, 1242, 1251, 1273, 1357, 1361, 1453, 1556, 1557, 1604, 1611, 1721, 1799, 1802, 1814, 1853, 1892, 1938, 1974, 1989, 2079, 2088, 2138, 2279, 2287, 2312, 2403, 2456, 2493, 2517, 2544, 2581, 2607, 2619, 2623, 2646, 2700, 2734, 2770, 2780, 2802, 2904, 2921, 2930, 2952, 2962, 2981, 3029, 3090, 3125, 3126, 3135, 3305, 3361, 3433, 3454, 3482, 3510, 3578, 3583, 3627, 3632, 3692, 3715, 3729, 3733
12, 31, 128, 158, 210, 244, 256, 305, 307, 349, 390, 391, 423, 425, 451, 551, 575, 583, 601, 654, 655, 755, 782, 791, 812, 837, 893, 936, 951, 964, 1005, 1016, 1021, 1045, 1071, 1139, 1148, 1154, 1161, 1191, 1336, 1338, 1562, 1599, 1689, 1693, 1733, 1807, 1875, 1985, 2073, 2098, 2118, 2120, 2182, 2216, 2222, 2263, 2319, 2323, 2326, 2418, 2471, 2480, 2541, 2546, 2575, 2595, 2598, 2655, 2661, 2707, 2719, 2731, 2732, 2800, 2824, 2831, 2859, 2902, 2953, 3054, 3080, 3121, 3167, 3194, 3252, 3288, 3314, 3336, 3376, 3428, 3449, 3575, 3623, 3683, 3718, 3744
83, 138, 167, 211, 251, 264, 327, 340, 365, 371, 378, 465, 531, 574, 622, 789, 869, 896, 900, 929, 939, 986, 1030, 1068, 1114, 1127, 1172, 1178, 1231, 1243, 1282, 1302, 1334, 1341, 1374, 1382, 1405, 1495, 1497, 1526, 1553, 1564, 1641, 1648, 1650, 1696, 1702, 1805, 1841, 1877, 2061, 2082, 2085, 2092, 2133, 2152, 2158, 2198, 2204, 2306, 2355, 2370, 2383, 2396, 2428, 2439, 2583, 2625, 2634, 2678, 2686, 2778, 2796, 2832, 2861, 2869, 2878, 2896, 2959, 3042, 3063, 3074, 3159, 3170, 3220, 3222, 3267, 3270, 3292, 3310, 3356, 3419, 3429, 3441, 3484, 3494, 3561, 3639, 3690, 3728
9, 91, 124, 168, 189, 212, 303, 337, 346, 430, 456, 508, 595, 596, 717, 730, 786, 825, 849, 919, 948, 975, 977, 995, 1008, 1031, 1044, 1088, 1117, 1129, 1147, 1166, 1193, 1245, 1258, 1414, 1415, 1492, 1494, 1536, 1548, 1586, 1596, 1606, 1634, 1639, 1675, 1684, 1724, 1762, 1891, 1970, 1986, 2076, 2100, 2108, 2113, 2160, 2241, 2297, 2329, 2344, 2376, 2386, 2422, 2431, 2437, 2449, 2450, 2484, 2511, 2564, 2681, 2858, 2872, 2877, 2887, 2945, 3011, 3066, 3084, 3098, 3153, 3229, 3240, 3327, 3332, 3372, 3391, 3442, 3507, 3533, 3552, 3554, 3599, 3614, 3634, 3746, 3759, 3760, 3771
0, 22, 45, 59, 60, 70, 104, 136, 149, 172, 334, 384, 434, 478, 538, 572, 674, 745, 766, 768, 769, 793, 836, 866, 1002, 1036, 1076, 1158, 1174, 1181, 1215, 1229, 1280, 1293, 1362, 1367, 1404, 1456, 1585, 1594, 1643, 1665, 1710, 1714, 1760, 1771, 1781, 1795, 1834, 1850, 1885, 1910, 1966, 2022, 2062, 2089, 2106, 2132, 2146, 2176, 2208, 2295, 2322, 2343, 2423, 2447, 2494, 2506, 2609, 2677, 2703, 2730, 2788, 2830, 2840, 2844, 2892, 3019, 3020, 3149, 3171, 3181, 3230, 3249, 3426, 3427, 3439, 3472, 3496, 3547, 3571, 3581, 3587, 3604, 3626, 3646, 3657, 3750, 3752
2, 40, 71, 110, 112, 119, 250, 255, 329, 341, 381, 450, 460, 472, 475, 535, 643, 679, 690, 722, 803, 830, 851, 878, 890, 917, 967, 969, 1011, 1035, 1078, 1089, 1119, 1144, 1164, 1239, 1339, 1387, 1466, 1509, 1591, 1612, 1613, 1618, 1628, 1633, 1780, 1793, 1843, 1889, 1955, 2081, 2177, 2179, 2231, 2311, 2325, 2338, 2341, 2342, 2375, 2397, 2421, 2463, 2502, 2577, 2587, 2610, 2612, 2644, 2693, 2759, 2876, 2912, 2918, 3000, 3012, 3081, 3105, 3114, 3130, 3165, 3207, 3208, 3223, 3250, 3283, 3290, 3293, 3300, 3343, 3348, 3380, 3517, 3520, 3534, 3572, 3602, 3629, 3706
15, 74, 131, 227, 235, 336, 477, 484, 490, 521, 598, 612, 613, 666, 680, 686, 695, 770, 796, 821, 839, 841, 913, 922, 930, 935, 953, 965, 984, 1059, 1065, 1092, 1104, 1177, 1189, 1224, 1246, 1264, 1337, 1344, 1355, 1447, 1468, 1470, 1515, 1524, 1570, 1573, 1587, 1695, 1886, 1930, 1959, 2003, 2016, 2063, 2078, 2122, 2134, 2235, 2269, 2272, 2289, 2350, 2402, 2430, 2500, 2530, 2590, 2603, 2784, 2799, 2920, 2937, 2949, 2977, 3044, 3129, 3158, 3235, 3274, 3315, 3317, 3400, 3415, 3431, 3453, 3457, 3468, 3504, 3526, 3545, 3577, 3585, 3593, 3659, 3709, 3713, 3765
21, 52, 101, 162, 181, 216, 267, 361, 379, 408, 411, 415, 479, 501, 567, 586, 624, 629, 660, 669, 684, 689, 702, 718, 740, 748, 806, 823, 877, 882, 918, 987, 998, 1029, 1034, 1038, 1263, 1310, 1311, 1452, 1475, 1523, 1540, 1567, 1709, 1741, 1764, 1774, 1852, 1906, 1982, 2010, 2019, 2036, 2057, 2141, 2221, 2223, 2226, 2232, 2283, 2294, 2320, 2400, 2404, 2434, 2460, 2483, 2558, 2560, 2578, 2611, 2633, 2637, 2668, 2710, 2713, 2716, 2742, 2766, 2775, 2951, 3045, 3146, 3157, 3328, 3341, 3392, 3434, 3513, 3518, 3537, 3562, 3594, 3617, 3710, 3725, 3727, 3734, 3738
46, 106, 155, 169, 192, 199, 243, 331, 367, 388, 432, 518, 520, 591, 641, 647, 676, 727, 749, 759, 787, 801, 811, 954, 955, 1056, 1134, 1141, 1152, 1157, 1192, 1218, 1250, 1287, 1307, 1379, 1430, 1442, 1464, 1496, 1504, 1506, 1519, 1528, 1547, 1608, 1725, 1809, 1826, 1839, 1894, 2009, 2031, 2072, 2252, 2324, 2330, 2335, 2337, 2379, 2387, 2395, 2436, 2487, 2492, 2521, 2535, 2572, 2593, 2599, 2614, 2642, 2698, 2706, 2842, 2898, 2955, 2965, 2976, 3008, 3026, 3087, 3117, 3119, 3160, 3242, 3303, 3322, 3333, 3359, 3399, 3447, 3514, 3542, 3591, 3621, 3624, 3654, 3655, 3664, 3700
132, 182, 198, 215, 278, 318, 319, 322, 323, 355, 429, 476, 504, 600, 620, 642, 651, 653, 726, 784, 799, 838, 934, 974, 990, 1053, 1133, 1163, 1235, 1238, 1331, 1342, 1346, 1376, 1397, 1440, 1470, 1477, 1481, 1502, 1516, 1529, 1544, 1574, 1654, 1677, 1704, 1849, 1861, 1905, 1942, 1956, 2013, 2030, 2043, 2103, 2167, 2193, 2209, 2230, 2270, 2314, 2318, 2458, 2482, 2540, 2554, 2570, 2639, 2689, 2777, 2803, 2805, 2819, 2848, 2863, 2897, 2971, 2972, 2979, 2997, 3062, 3072, 3102, 3131, 3226, 3254, 3294, 3353, 3362, 3387, 3398, 3576, 3640, 3648, 3732, 3749
17, 34, 41, 43, 69, 80, 90, 118, 123, 194, 217, 232, 241, 265, 297, 311, 370, 374, 383, 385, 436, 444, 466, 491, 492, 517, 530, 542, 665, 760, 792, 822, 848, 952, 973, 1097, 1109, 1159, 1209, 1228, 1411, 1428, 1437, 1543, 1646, 1742, 1756, 1783, 1801, 1907, 1922, 1935, 1963, 1977, 2015, 2020, 2039, 2070, 2111, 2129, 2246, 2290, 2339, 2438, 2448, 2474, 2495, 2508, 2522, 2538, 2562, 2615, 2679, 2682, 2751, 2785, 2874, 2926, 2946, 2973, 2987, 3028, 3151, 3209, 3241, 3265, 3279, 3338, 3476, 3564, 3570, 3584, 3590, 3668, 3681, 3685
23, 55, 57, 109, 174, 220, 295, 325, 397, 463, 529, 608, 649, 681, 713, 714, 800, 817, 872, 884, 891, 911, 960, 1020, 1039, 1090, 1118, 1155, 1160, 1180, 1217, 1260, 1281, 1297, 1298, 1423, 1424, 1530, 1532, 1549, 1595, 1657, 1672, 1673, 1680, 1751, 1761, 1827, 1883, 1915, 1934, 2008, 2172, 2202, 2229, 2357, 2394, 2399, 2414, 2442, 2445, 2472, 2475, 2496, 2505, 2555, 2641, 2651, 2658, 2718, 2721, 2723, 2735, 2756, 2758, 2779, 2929, 2942, 3004, 3005, 3031, 3077, 3132, 3152, 3214, 3255, 3261, 3276, 3297, 3524, 3551, 3605, 3606
1375, 1876, 2488
229, 305, 1400, 1898, 2197, 2390, 3712
19, 27, 85, 175, 193, 259, 263, 288, 316, 403, 431, 464, 483, 497, 533, 563, 588, 711, 736, 762, 816, 850, 992, 1022, 1108, 1151, 1167, 1202, 1207, 1370, 1377, 1385, 1450, 1489, 1499, 1520, 1583, 1620, 1682, 1717, 1730, 1734, 1745, 1778, 1790, 1828, 1899, 1953, 2018, 2028, 2046, 2064, 2074, 2127, 2151, 2255, 2258, 2267, 2274, 2292, 2321, 2389, 2406, 2443, 2542, 2571, 2604, 2673, 2750, 2811, 2828, 2866, 2907, 2925, 2934, 3015, 3032, 3052, 3071, 3193, 3202, 3216, 3295, 3324, 3354, 3389, 3500, 3506, 3555, 3616, 3684, 3743
145, 201, 352, 402, 426, 445, 470, 493, 539, 579, 592, 609, 677, 704, 707, 731, 757, 758, 845, 897, 910, 923, 942, 962, 972, 988, 1017, 1032, 1037, 1124, 1270, 1323, 1438, 1443, 1503, 1560, 1578, 1624, 1642, 1700, 1739, 1750, 1759, 1769, 1789, 1815, 1835, 1848, 1881, 1928, 1976, 1984, 2150, 2268, 2277, 2346, 2377, 2417, 2516, 2526, 2539, 2613, 2712, 2733, 2745, 2765, 2837, 2871, 2884, 2890, 2900, 2915, 3086, 3092, 3140, 3185, 3188, 3251, 3278, 3308, 3326, 3364, 3385, 3388, 3418, 3462, 3530, 3546, 3557, 3589, 3596, 3665, 3669, 3697, 3735, 3741
12, 31, 128, 158, 210, 229, 244, 256, 305, 307, 349, 390, 391, 423, 425, 451, 551, 575, 583, 601, 655, 755, 782, 791, 812, 837, 893, 936, 951, 964, 1005, 1016, 1021, 1045, 1071, 1139, 1148, 1154, 1161, 1191, 1336, 1338, 1400, 1562, 1599, 1689, 1693, 1733, 1807, 1875, 1898, 1985, 2073, 2098, 2118, 2120, 2182, 2197, 2216, 2222, 2263, 2319, 2323, 2326, 2390, 2418, 2471, 2541, 2546, 2575, 2595, 2598, 2655, 2661, 2707, 2731, 2732, 2800, 2824, 2831, 2859, 2902, 2953, 3054, 3080, 3121, 3167, 3194, 3252, 3288, 3314, 3336, 3376, 3428, 3449, 3575, 3623, 3683, 3712, 3718, 3744
47, 62, 66, 95, 137, 148, 200, 242, 269, 275, 306, 335, 486, 503, 515, 564, 678, 715, 779, 802, 833, 852, 898, 976, 1015, 1019, 1042, 1061, 1075, 1098, 1132, 1140, 1169, 1256, 1292, 1412, 1445, 1463, 1468, 1483, 1571, 1614, 1703, 1758, 1782, 1786, 1812, 1828, 1893, 1933, 1949, 1995, 2006, 2045, 2095, 2173, 2203, 2236, 2248, 2262, 2281, 2300, 2304, 2331, 2617, 2649, 2696, 2724, 2744, 2885, 2908, 2950, 2980, 3038, 3047, 3058, 3103, 3113, 3116, 3142, 3155, 3177, 3234, 3309, 3329, 3340, 3412, 3445, 3473, 3503, 3515, 3573, 3597, 3608, 3622, 3636, 3662, 3701, 3751
125, 161, 191, 225, 276, 298, 304, 326, 354, 359, 407, 514, 524, 534, 553, 656, 724, 855, 880, 881, 886, 958, 966, 997, 1143, 1175, 1194, 1196, 1253, 1259, 1268, 1285, 1325, 1343, 1363, 1378, 1392, 1416, 1472, 1485, 1550, 1580, 1636, 1705, 1708, 1810, 1816, 1833, 1903, 1924, 1952, 1961, 1969, 1975, 1979, 2029, 2033, 2042, 2104, 2130, 2142, 2166, 2171, 2309, 2316, 2364, 2381, 2416, 2497, 2536, 2620, 2621, 2627, 2635, 2743, 2761, 2851, 2883, 2906, 2924, 2978, 2989, 2990, 2994, 3051, 3083, 3093, 3120, 3164, 3311, 3319, 3370, 3386, 3511, 3612, 3645, 3731, 3772
63, 98, 116, 120, 122, 234, 320, 347, 366, 389, 421, 427, 499, 547, 566, 590, 594, 640, 700, 708, 738, 870, 915, 956, 1018, 1067, 1083, 1113, 1116, 1149, 1156, 1214, 1252, 1265, 1267, 1272, 1275, 1279, 1317, 1350, 1425, 1426, 1451, 1459, 1488, 1528, 1670, 1694, 1817, 1842, 1902, 1920, 2000, 2007, 2050, 2075, 2080, 2093, 2096, 2135, 2168, 2194, 2205, 2298, 2413, 2420, 2446, 2452, 2525, 2565, 2585, 2626, 2650, 2652, 2695, 2754, 2786, 2841, 2917, 2940, 2984, 3018, 3128, 3145, 3162, 3174, 3195, 3238, 3296, 3339, 3395, 3435, 3437, 3464, 3474, 3491, 3522, 3647, 3755
145, 201, 352, 402, 426, 445, 470, 493, 539, 579, 592, 609, 677, 704, 707, 731, 757, 758, 845, 897, 910, 923, 942, 962, 972, 988, 1017, 1032, 1037, 1124, 1270, 1323, 1438, 1443, 1503, 1560, 1578, 1624, 1642, 1700, 1739, 1750, 1759, 1769, 1789, 1815, 1835, 1848, 1881, 1896, 1928, 1976, 1984, 1996, 2150, 2268, 2277, 2346, 2377, 2417, 2516, 2526, 2539, 2613, 2712, 2733, 2745, 2765, 2837, 2871, 2884, 2890, 2900, 2915, 3086, 3092, 3140, 3185, 3188, 3251, 3278, 3308, 3326, 3364, 3385, 3388, 3418, 3462, 3530, 3546, 3557, 3589, 3596, 3665, 3669, 3697, 3735, 3741
11, 78, 105, 237, 262, 273, 282, 284, 286, 313, 342, 375, 412, 454, 496, 507, 509, 540, 576, 585, 589, 639, 673, 783, 937, 1102, 1142, 1195, 1261, 1390, 1408, 1419, 1531, 1535, 1569, 1576, 1590, 1627, 1658, 1668, 1676, 1678, 1683, 1688, 1719, 1722, 1736, 1823, 1827, 1874, 1918, 1980, 1992, 1997, 2178, 2237, 2243, 2278, 2419, 2440, 2457, 2462, 2520, 2528, 2605, 2659, 2669, 2671, 2691, 2747, 2774, 2793, 2886, 2899, 2919, 2923, 2963, 3085, 3148, 3175, 3191, 3224, 3330, 3382, 3393, 3403, 3461, 3486, 3488, 3516, 3538, 3565, 3610, 3613, 3641, 3676, 3723, 3736
1, 5, 18, 26, 36, 50, 102, 139, 179, 207, 213, 248, 294, 296, 358, 469, 502, 513, 523, 528, 550, 556, 683, 712, 716, 761, 780, 889, 909, 1041, 1054, 1060, 1072, 1123, 1137, 1197, 1200, 1286, 1295, 1299, 1300, 1322, 1328, 1356, 1446, 1621, 1625, 1744, 1821, 1888, 1993, 2001, 2066, 2086, 2144, 2242, 2264, 2280, 2360, 2362, 2385, 2405, 2408, 2441, 2444, 2534, 2552, 2553, 2582, 2586, 2631, 2632, 2687, 2768, 2801, 2823, 2880, 2888, 2914, 2928, 2957, 3048, 3118, 3150, 3172, 3182, 3192, 3199, 3268, 3352, 3406, 3452, 3485, 3490, 3550, 3580, 3652, 3711, 3747
114, 123, 133, 292, 386, 485, 488, 489, 543, 559, 560, 569, 570, 580, 611, 615, 623, 645, 706, 737, 778, 824, 853, 854, 859, 861, 865, 892, 928, 978, 1073, 1184, 1212, 1242, 1251, 1273, 1357, 1361, 1453, 1556, 1557, 1604, 1611, 1721, 1799, 1802, 1814, 1853, 1892, 1907, 1938, 1974, 1989, 2079, 2088, 2138, 2279, 2287, 2312, 2403, 2456, 2493, 2517, 2544, 2581, 2607, 2619, 2623, 2646, 2700, 2734, 2770, 2780, 2802, 2904, 2921, 2930, 2952, 2962, 2981, 3029, 3090, 3125, 3126, 3135, 3305, 3361, 3433, 3454, 3476, 3482, 3510, 3578, 3583, 3627, 3632, 3692, 3715, 3729, 3733
14, 24, 39, 88, 103, 113, 129, 177, 185, 186, 202, 301, 312, 382, 441, 447, 452, 490, 506, 525, 605, 646, 657, 667, 682, 774, 781, 788, 842, 902, 920, 961, 983, 1046, 1052, 1103, 1111, 1146, 1269, 1309, 1467, 1484, 1486, 1510, 1527, 1610, 1674, 1679, 1740, 1794, 1884, 1917, 1921, 1926, 1943, 1965, 2034, 2041, 2049, 2143, 2164, 2196, 2349, 2358, 2409, 2411, 2478, 2501, 2574, 2588, 2618, 2680, 2757, 2806, 2813, 2856, 2932, 2941, 2996, 3055, 3056, 3110, 3123, 3189, 3213, 3218, 3244, 3302, 3331, 3469, 3470, 3521, 3588, 3600, 3620, 3650, 3671, 3672, 3680, 3707, 3758
54, 126, 154, 180, 183, 218, 245, 401, 420, 437, 481, 522, 546, 550, 627, 631, 750, 751, 764, 794, 805, 856, 912, 926, 989, 996, 1006, 1051, 1085, 1100, 1186, 1199, 1205, 1206, 1232, 1234, 1301, 1329, 1434, 1455, 1460, 1517, 1519, 1575, 1609, 1623, 1632, 1738, 1766, 1863, 1895, 1912, 2097, 2112, 2125, 2169, 2175, 2195, 2225, 2238, 2254, 2299, 2328, 2388, 2410, 2412, 2486, 2559, 2600, 2606, 2608, 2616, 2739, 2762, 2773, 2829, 2969, 2985, 2995, 3025, 3094, 3095, 3104, 3143, 3178, 3196, 3206, 3337, 3425, 3495, 3497, 3532, 3611, 3644, 3666, 3677, 3679, 3722, 3739, 3745, 3769
125, 161, 191, 225, 276, 298, 304, 326, 354, 359, 407, 514, 524, 534, 553, 656, 724, 855, 880, 881, 886, 958, 966, 997, 1143, 1175, 1194, 1196, 1253, 1259, 1268, 1285, 1325, 1343, 1363, 1378, 1392, 1416, 1472, 1485, 1550, 1580, 1636, 1705, 1708, 1810, 1816, 1833, 1890, 1903, 1924, 1952, 1961, 1969, 1975, 1979, 2029, 2033, 2042, 2104, 2130, 2142, 2166, 2171, 2309, 2316, 2364, 2381, 2416, 2497, 2536, 2620, 2621, 2624, 2627, 2635, 2743, 2761, 2851, 2883, 2906, 2924, 2978, 2989, 2990, 2994, 3051, 3083, 3093, 3120, 3164, 3311, 3319, 3370, 3386, 3511, 3612, 3645, 3731, 3772
1, 5, 18, 26, 36, 50, 102, 139, 179, 207, 213, 248, 294, 296, 358, 469, 502, 513, 523, 528, 550, 556, 683, 712, 716, 761, 780, 889, 909, 1041, 1054, 1060, 1123, 1137, 1197, 1200, 1286, 1295, 1299, 1300, 1322, 1328, 1356, 1446, 1621, 1625, 1744, 1821, 1873, 1888, 1895, 1993, 2001, 2066, 2086, 2144, 2242, 2264, 2280, 2360, 2362, 2373, 2385, 2405, 2408, 2441, 2444, 2534, 2552, 2553, 2582, 2586, 2631, 2632, 2687, 2768, 2801, 2823, 2880, 2888, 2914, 2928, 2957, 3118, 3150, 3172, 3182, 3192, 3199, 3268, 3352, 3406, 3452, 3485, 3490, 3550, 3580, 3652, 3711, 3747, 3769
12, 31, 128, 158, 210, 244, 256, 305, 307, 349, 390, 391, 423, 425, 451, 551, 575, 583, 601, 654, 655, 755, 782, 791, 812, 837, 893, 936, 951, 964, 1005, 1016, 1021, 1045, 1071, 1139, 1148, 1154, 1161, 1191, 1336, 1338, 1562, 1599, 1689, 1693, 1733, 1807, 1871, 1875, 1985, 2073, 2098, 2118, 2120, 2182, 2216, 2222, 2263, 2319, 2323, 2326, 2380, 2418, 2471, 2480, 2541, 2546, 2575, 2595, 2598, 2655, 2661, 2707, 2719, 2731, 2732, 2800, 2824, 2831, 2859, 2894, 2902, 2953, 3054, 3080, 3121, 3167, 3194, 3252, 3288, 3314, 3336, 3376, 3428, 3449, 3575, 3623, 3683, 3718, 3744
16, 64, 107, 117, 141, 233, 266, 272, 332, 350, 364, 439, 453, 511, 554, 565, 578, 614, 636, 677, 744, 747, 814, 827, 858, 874, 944, 959, 1023, 1058, 1077, 1086, 1249, 1262, 1305, 1314, 1316, 1371, 1380, 1546, 1561, 1577, 1622, 1626, 1753, 1804, 1819, 1854, 1856, 1865, 1896, 1947, 1996, 2109, 2184, 2207, 2296, 2327, 2348, 2351, 2353, 2476, 2477, 2479, 2481, 2498, 2499, 2537, 2566, 2630, 2654, 2685, 2702, 2893, 2922, 2927, 3069, 3139, 3227, 3228, 3246, 3257, 3299, 3306, 3334, 3358, 3410, 3417, 3448, 3481, 3567, 3579, 3601, 3633, 3638, 3643, 3687, 3688, 3698, 3704, 3716
3, 65, 89, 135, 188, 373, 409, 414, 442, 448, 467, 536, 558, 573, 578, 632, 668, 752, 753, 807, 843, 906, 931, 980, 982, 1069, 1074, 1081, 1112, 1219, 1220, 1230, 1241, 1399, 1422, 1427, 1444, 1521, 1602, 1631, 1659, 1681, 1701, 1727, 1752, 1757, 1798, 1820, 1828, 1844, 1865, 1916, 1981, 1987, 2052, 2140, 2192, 2251, 2361, 2427, 2459, 2461, 2504, 2512, 2576, 2592, 2660, 2690, 2724, 2763, 2767, 2776, 2789, 2808, 2852, 2911, 2927, 3017, 3034, 3036, 3064, 3100, 3138, 3198, 3210, 3232, 3259, 3280, 3350, 3371, 3401, 3432, 3450, 3460, 3471, 3498, 3531, 3630, 3651, 3691, 3720
84, 140, 152, 160, 205, 247, 258, 271, 277, 428, 443, 495, 604, 616, 659, 763, 776, 809, 810, 924, 941, 971, 1001, 1010, 1033, 1043, 1080, 1128, 1145, 1254, 1274, 1315, 1335, 1383, 1393, 1396, 1418, 1429, 1473, 1480, 1493, 1512, 1539, 1600, 1715, 1796, 1800, 1811, 1837, 1851, 1878, 1919, 1932, 1978, 2056, 2083, 2115, 2126, 2156, 2159, 2165, 2271, 2354, 2363, 2382, 2393, 2543, 2666, 2672, 2676, 2717, 2727, 2741, 2794, 2797, 2798, 2817, 2835, 2845, 2868, 2882, 2901, 2910, 2947, 2958, 2998, 3007, 3035, 3068, 3070, 3258, 3271, 3277, 3291, 3390, 3467, 3492, 3541, 3556, 3569, 3693
10, 33, 38, 61, 108, 115, 165, 166, 228, 239, 345, 357, 393, 417, 473, 516, 593, 597, 603, 621, 662, 685, 699, 721, 756, 820, 834, 862, 871, 901, 938, 993, 1007, 1048, 1125, 1176, 1216, 1222, 1225, 1395, 1402, 1435, 1441, 1558, 1568, 1572, 1583, 1615, 1754, 1784, 1904, 1914, 1941, 1973, 2068, 2116, 2121, 2128, 2219, 2249, 2301, 2334, 2340, 2345, 2372, 2469, 2470, 2490, 2509, 2524, 2567, 2579, 2670, 2709, 2849, 2939, 2943, 2983, 2986, 2992, 2993, 3043, 3065, 3122, 3134, 3168, 3204, 3205, 3347, 3360, 3369, 3397, 3422, 3424, 3637, 3649, 3686, 3689, 3714, 3756, 3770
44, 94, 130, 163, 196, 209, 240, 274, 338, 343, 353, 398, 406, 487, 626, 648, 658, 670, 674, 675, 701, 723, 733, 772, 775, 895, 903, 904, 1012, 1027, 1047, 1049, 1082, 1099, 1171, 1185, 1213, 1223, 1271, 1283, 1353, 1388, 1471, 1507, 1554, 1584, 1625, 1638, 1718, 1803, 1882, 2023, 2024, 2058, 2099, 2105, 2123, 2147, 2213, 2234, 2239, 2315, 2352, 2398, 2407, 2426, 2473, 2514, 2667, 2704, 2715, 2720, 2772, 2790, 2821, 2870, 2905, 2931, 2935, 2936, 2954, 2974, 3006, 3010, 3049, 3075, 3089, 3107, 3166, 3183, 3215, 3225, 3273, 3304, 3396, 3574, 3615, 3678, 3695, 3721, 3761
15, 74, 131, 227, 235, 336, 477, 484, 490, 521, 598, 612, 613, 666, 680, 686, 695, 770, 796, 821, 839, 841, 913, 922, 930, 935, 953, 965, 984, 1059, 1065, 1092, 1104, 1177, 1189, 1224, 1246, 1264, 1337, 1344, 1355, 1447, 1468, 1470, 1515, 1524, 1570, 1573, 1587, 1695, 1886, 1905, 1930, 1959, 2003, 2016, 2063, 2078, 2122, 2134, 2235, 2269, 2272, 2289, 2318, 2350, 2402, 2430, 2500, 2530, 2590, 2603, 2784, 2799, 2920, 2937, 2949, 2977, 3044, 3129, 3158, 3235, 3274, 3315, 3317, 3400, 3415, 3431, 3453, 3457, 3468, 3504, 3526, 3545, 3577, 3585, 3593, 3659, 3709, 3713, 3765
17, 34, 41, 43, 69, 80, 90, 118, 123, 194, 217, 232, 241, 265, 297, 311, 370, 374, 383, 385, 436, 444, 466, 491, 492, 517, 530, 542, 665, 760, 792, 822, 848, 952, 973, 1097, 1109, 1159, 1209, 1228, 1411, 1428, 1437, 1543, 1646, 1742, 1756, 1783, 1801, 1892, 1907, 1922, 1935, 1963, 1977, 2015, 2020, 2039, 2070, 2111, 2129, 2246, 2290, 2339, 2438, 2448, 2474, 2495, 2508, 2522, 2538, 2562, 2615, 2679, 2682, 2751, 2785, 2874, 2926, 2946, 2973, 2987, 3028, 3029, 3151, 3209, 3241, 3265, 3279, 3338, 3476, 3564, 3570, 3584, 3590, 3668, 3681, 3685
83, 138, 167, 211, 251, 264, 327, 340, 365, 371, 378, 465, 531, 574, 622, 789, 869, 896, 900, 929, 939, 986, 1030, 1068, 1114, 1127, 1172, 1178, 1231, 1243, 1282, 1302, 1334, 1341, 1374, 1382, 1405, 1495, 1497, 1526, 1553, 1564, 1641, 1648, 1650, 1696, 1702, 1805, 1841, 1868, 1877, 1964, 2061, 2082, 2085, 2092, 2133, 2152, 2158, 2198, 2204, 2306, 2355, 2370, 2383, 2396, 2428, 2439, 2583, 2625, 2634, 2678, 2686, 2778, 2796, 2832, 2861, 2869, 2878, 2896, 2959, 3042, 3063, 3074, 3159, 3170, 3222, 3267, 3270, 3292, 3310, 3356, 3419, 3429, 3441, 3484, 3494, 3561, 3639, 3690, 3728
16, 64, 107, 117, 141, 233, 266, 272, 332, 350, 364, 439, 453, 511, 554, 565, 578, 614, 636, 677, 744, 747, 814, 827, 858, 874, 944, 959, 1023, 1058, 1077, 1086, 1249, 1262, 1305, 1314, 1316, 1371, 1380, 1546, 1561, 1577, 1622, 1626, 1753, 1804, 1819, 1854, 1856, 1881, 1896, 1947, 1996, 2109, 2184, 2207, 2296, 2327, 2348, 2351, 2353, 2476, 2477, 2479, 2481, 2498, 2499, 2537, 2566, 2630, 2654, 2685, 2702, 2871, 2893, 2922, 3069, 3139, 3227, 3228, 3246, 3257, 3299, 3306, 3334, 3358, 3410, 3417, 3448, 3481, 3567, 3579, 3601, 3633, 3638, 3643, 3687, 3688, 3698, 3704, 3716