244, 307, 423, 425, 451, 551, 575, 601, 893, 936, 964, 1005, 1045, 1139, 1161, 1191, 1693, 1733, 2073, 2118, 2182, 2263, 2323, 2595, 2719, 2824, 2859, 3054, 3167, 3376, 3575, 3718, 3744
182, 318, 322, 355, 429, 651, 726, 799, 974, 990, 1133, 1331, 1342, 1376, 1481, 1502, 1529, 1654, 1861, 1956, 2103, 2209, 2458, 2482, 2570, 2777, 2805, 2819, 2979, 3062, 3254, 3294, 3353, 3362, 3576, 3640, 3648
276, 407, 514, 524, 553, 881, 958, 966, 997, 1194, 1268, 1285, 1363, 1416, 1708, 1952, 1975, 2033, 2142, 2309, 2621, 2627, 2851, 2978, 2989, 3083, 3120, 3772
264, 340, 378, 465, 574, 869, 986, 1030, 1243, 1302, 1553, 1650, 1702, 1805, 2061, 2198, 2383, 2439, 2583, 2878, 3042, 3267, 3270, 3356
15, 227, 336, 598, 796, 839, 841, 922, 930, 984, 1065, 1104, 1189, 1344, 1468, 1959, 2063, 2235, 2269, 2272, 2350, 2530, 2590, 3129, 3400, 3457, 3526, 3577, 3593, 3659, 3765
93, 330, 387, 710, 899, 985, 1028, 1327, 1647, 1661, 1818, 1829, 1971, 2170, 2305, 2503, 2737, 2903, 2966, 3404, 3505, 3563, 3582, 3603
123, 133, 386, 488, 489, 570, 580, 611, 706, 737, 778, 859, 861, 892, 1273, 1361, 1721, 1802, 2079, 2312, 2619, 2780, 2962, 3125, 3361, 3454, 3715
53, 111, 195, 235, 285, 289, 577, 739, 864, 908, 914, 950, 1182, 1226, 1406, 1410, 1522, 1562, 1637, 1644, 1728, 1923, 1937, 2155, 2378, 2432, 2636, 2675, 2728, 2748, 2847, 2860, 3033, 3247, 3349, 3508, 3717, 3740
416, 418, 552, 650, 1592, 1779, 2107, 2218, 3316
21, 52, 101, 162, 181, 216, 267, 361, 379, 408, 411, 415, 479, 501, 567, 586, 624, 629, 660, 669, 684, 689, 702, 718, 740, 748, 806, 823, 877, 918, 987, 998, 1029, 1034, 1038, 1263, 1310, 1311, 1452, 1523, 1540, 1567, 1709, 1764, 1774, 1852, 1982, 2010, 2019, 2036, 2057, 2141, 2221, 2232, 2283, 2294, 2320, 2434, 2460, 2483, 2558, 2560, 2611, 2633, 2637, 2668, 2710, 2713, 2716, 2742, 2766, 2775, 2951, 3045, 3146, 3157, 3328, 3341, 3392, 3434, 3513, 3518, 3537, 3562, 3617, 3710, 3725, 3727, 3734, 3738
240, 670, 1027, 1049, 1223, 1388, 2099, 2213, 2315, 2398, 2790, 2905
180, 546, 912, 996, 1100, 1517, 1519, 1766, 2097, 2238, 2299, 2559, 2616, 2762, 3178, 3722
72, 82, 96, 127, 151, 498, 741, 868, 1000, 1057, 1170, 1266, 1360, 1461, 1707, 1732, 1749, 1808, 1840, 1967, 2433, 2569, 2746, 2960, 3027, 3037, 3060, 3112, 3260, 3284, 3451, 3540, 3548, 3635
84, 140, 160, 205, 247, 258, 604, 659, 776, 810, 1001, 1033, 1080, 1128, 1145, 1383, 1393, 1418, 1600, 1715, 1796, 1851, 1919, 2056, 2126, 2165, 2271, 2354, 2382, 2666, 2672, 2676, 2717, 2727, 2741, 2798, 2817, 2845, 2882, 2910, 2947, 3007, 3035, 3258, 3271, 3277, 3390, 3556
16, 64, 107, 117, 141, 233, 266, 272, 332, 350, 364, 439, 453, 511, 554, 565, 578, 614, 636, 677, 744, 747, 814, 827, 858, 874, 944, 959, 1023, 1058, 1077, 1086, 1249, 1262, 1305, 1314, 1316, 1371, 1380, 1546, 1561, 1577, 1622, 1626, 1753, 1804, 1819, 1854, 1856, 1947, 1996, 2109, 2184, 2207, 2296, 2327, 2348, 2351, 2353, 2476, 2477, 2479, 2481, 2498, 2499, 2537, 2566, 2630, 2654, 2685, 2702, 2893, 2922, 3069, 3101, 3139, 3227, 3228, 3246, 3257, 3299, 3306, 3334, 3358, 3410, 3417, 3448, 3567, 3579, 3601, 3633, 3638, 3643, 3687, 3688, 3698, 3704, 3716
24, 39, 88, 103, 129, 177, 185, 202, 301, 312, 441, 447, 452, 490, 506, 525, 605, 646, 657, 667, 682, 774, 781, 788, 842, 902, 920, 961, 983, 1046, 1052, 1103, 1111, 1146, 1269, 1309, 1467, 1484, 1486, 1510, 1527, 1610, 1674, 1679, 1740, 1794, 1917, 1921, 1926, 1943, 1965, 2041, 2049, 2143, 2164, 2196, 2349, 2358, 2409, 2411, 2478, 2501, 2574, 2588, 2618, 2680, 2757, 2806, 2813, 2856, 2932, 2941, 2996, 3055, 3056, 3110, 3123, 3189, 3213, 3244, 3302, 3331, 3469, 3470, 3521, 3600, 3620, 3650, 3671, 3672, 3680, 3707, 3758
802, 1140, 1412, 2304, 2885, 3142, 3608
63, 98, 116, 120, 122, 320, 347, 366, 421, 427, 499, 547, 566, 590, 594, 640, 700, 708, 738, 870, 915, 1018, 1067, 1083, 1113, 1116, 1149, 1156, 1214, 1252, 1265, 1267, 1272, 1275, 1279, 1317, 1350, 1425, 1426, 1451, 1459, 1488, 1528, 1670, 1694, 1817, 1842, 1920, 2000, 2007, 2050, 2075, 2080, 2093, 2096, 2135, 2168, 2194, 2205, 2298, 2413, 2420, 2446, 2452, 2525, 2565, 2585, 2626, 2650, 2652, 2695, 2754, 2841, 2917, 2940, 2984, 3018, 3128, 3145, 3162, 3174, 3195, 3296, 3339, 3395, 3435, 3437, 3464, 3491, 3522, 3647, 3755
592, 1984
32, 37, 226, 268, 280, 339, 348, 377, 400, 461, 527, 732, 815, 831, 847, 875, 921, 979, 1009, 1025, 1062, 1064, 1150, 1233, 1257, 1304, 1312, 1347, 1372, 1386, 1391, 1487, 1597, 1687, 1690, 1735, 1748, 1777, 1822, 1845, 1957, 2011, 2084, 2087, 2114, 2148, 2186, 2245, 2266, 2367, 2391, 2401, 2429, 2551, 2591, 2692, 2792, 2812, 2850, 2854, 2948, 3079, 3091, 3186, 3203, 3282, 3320, 3325, 3355, 3373, 3405, 3443, 3459, 3489, 3499, 3502, 3625, 3628, 3670, 3719, 3757
192, 243, 331, 432, 518, 520, 647, 676, 749, 787, 801, 811, 1056, 1152, 1192, 1218, 1250, 1287, 1307, 1379, 1442, 1464, 1528, 1809, 1826, 2072, 2252, 2324, 2337, 2395, 2436, 2492, 2521, 2572, 2642, 2698, 3026, 3303, 3322, 3333, 3359, 3399, 3447, 3621, 3624, 3654, 3655, 3664
143, 170, 324, 666, 754, 819, 1066, 1276, 1352, 1462, 1555, 1649, 1686, 1788, 1825, 1927, 2200, 2308, 2415, 2451, 2584, 2648, 3013, 3109, 3598, 3642, 3724
14, 39, 88, 103, 113, 129, 185, 186, 202, 312, 447, 452, 490, 506, 525, 646, 657, 682, 774, 781, 788, 842, 902, 920, 961, 983, 1046, 1052, 1111, 1269, 1309, 1467, 1484, 1510, 1527, 1610, 1679, 1740, 1794, 1886, 1917, 1921, 1965, 2034, 2041, 2049, 2143, 2164, 2196, 2349, 2358, 2409, 2501, 2574, 2680, 2806, 2813, 2932, 2941, 2996, 3055, 3056, 3110, 3123, 3189, 3213, 3218, 3244, 3302, 3469, 3470, 3521, 3588, 3600, 3620, 3650, 3671, 3672, 3680, 3758
17, 34, 43, 123, 217, 232, 241, 265, 370, 374, 383, 444, 466, 491, 492, 517, 530, 760, 973, 1109, 1159, 1209, 1228, 1437, 1801, 1977, 2015, 2020, 2070, 2129, 2246, 2438, 2474, 2508, 2522, 2538, 2679, 2751, 2874, 2926, 2946, 3151, 3265, 3279, 3338, 3564, 3584, 3590, 3681
58, 72, 109, 151, 214, 396, 512, 548, 741, 868, 963, 1170, 1204, 1296, 1366, 1707, 1723, 1732, 1855, 1967, 1988, 2265, 2291, 2569, 2643, 2881, 2960, 3260, 3318, 3446, 3635
63, 116, 120, 234, 366, 389, 427, 499, 547, 566, 590, 640, 870, 1018, 1067, 1113, 1116, 1214, 1252, 1265, 1267, 1272, 1426, 1451, 1459, 1488, 1670, 1694, 1842, 2000, 2007, 2050, 2075, 2080, 2093, 2096, 2168, 2194, 2205, 2224, 2298, 2413, 2420, 2446, 2452, 2525, 2626, 2652, 2695, 2754, 2786, 2841, 2917, 2940, 3018, 3145, 3162, 3195, 3238, 3296, 3339, 3435, 3437, 3464, 3474, 3522, 3647, 3755
156, 195, 302, 405, 455, 561, 840, 908, 932, 950, 1024, 1226, 1303, 1410, 1656, 1923, 2380, 2510, 2533, 2589, 2683, 2694, 2748, 2862, 3247, 3262, 3423, 3586
132, 182, 198, 215, 278, 318, 319, 322, 323, 355, 429, 476, 504, 600, 642, 651, 653, 726, 784, 799, 838, 934, 974, 990, 1053, 1133, 1235, 1238, 1331, 1342, 1346, 1376, 1397, 1470, 1477, 1481, 1502, 1516, 1529, 1544, 1654, 1677, 1704, 1849, 1861, 1886, 1942, 1956, 2013, 2030, 2043, 2103, 2167, 2193, 2209, 2230, 2270, 2314, 2482, 2500, 2540, 2554, 2570, 2639, 2689, 2777, 2803, 2805, 2819, 2848, 2897, 2971, 2972, 2979, 2997, 3062, 3072, 3102, 3131, 3226, 3254, 3362, 3387, 3398, 3640, 3648, 3732, 3749
83, 167, 211, 327, 365, 371, 378, 465, 531, 574, 622, 789, 900, 929, 939, 986, 1030, 1068, 1114, 1127, 1243, 1302, 1334, 1374, 1405, 1495, 1497, 1526, 1553, 1648, 1650, 1696, 1805, 1964, 2082, 2198, 2306, 2355, 2383, 2396, 2428, 2439, 2583, 2678, 2686, 2778, 2832, 2861, 2959, 3042, 3220, 3222, 3267, 3356, 3429, 3441, 3561, 3639, 3690, 3728
32, 37, 47, 226, 268, 283, 348, 377, 400, 433, 461, 606, 732, 815, 831, 847, 979, 1009, 1050, 1064, 1150, 1233, 1312, 1487, 1629, 1690, 1735, 1748, 1822, 1857, 1957, 2084, 2114, 2148, 2173, 2266, 2367, 2551, 2591, 2665, 2692, 2771, 2792, 2812, 2850, 2854, 2948, 2988, 3079, 3091, 3186, 3203, 3325, 3405, 3459, 3489, 3625, 3670, 3730, 3757
68, 81, 86, 93, 178, 204, 287, 330, 346, 387, 394, 435, 462, 587, 599, 618, 619, 671, 703, 710, 808, 885, 899, 942, 985, 1013, 1028, 1087, 1208, 1288, 1324, 1327, 1358, 1433, 1501, 1552, 1579, 1647, 1661, 1691, 1699, 1711, 1746, 1776, 1787, 1818, 1829, 1830, 1859, 1891, 1945, 1971, 2026, 2037, 2101, 2102, 2110, 2153, 2170, 2199, 2273, 2285, 2302, 2305, 2365, 2449, 2453, 2466, 2503, 2527, 2529, 2531, 2737, 2749, 2810, 2834, 2839, 2875, 2903, 2966, 3002, 3067, 3097, 3154, 3236, 3298, 3344, 3363, 3404, 3505, 3509, 3563, 3582, 3603, 3656
815, 1064, 2173, 2391, 2792, 2850, 3186, 3405
46, 192, 243, 367, 518, 591, 1056, 1307, 1430, 1528, 2009, 2031, 2324, 2387, 2585, 3087, 3119, 3160, 3654, 3655
68, 93, 178, 287, 330, 387, 618, 703, 710, 885, 1013, 1324, 1358, 1501, 1579, 1647, 1699, 1711, 1776, 1787, 1829, 1830, 1945, 2102, 2153, 2305, 2365, 2449, 2453, 2466, 2503, 2749, 2787, 2810, 2834, 2903, 3002, 3298, 3313, 3344
126, 180, 183, 245, 401, 420, 481, 550, 627, 750, 764, 805, 912, 996, 1006, 1186, 1199, 1329, 1460, 1738, 1867, 1912, 2112, 2169, 2195, 2328, 2412, 2606, 2739, 2762, 2773, 2829, 3025, 3095, 3143, 3178, 3196, 3206, 3337, 3425, 3495, 3497, 3611, 3679, 3739
6, 8, 48, 97, 147, 249, 372, 532, 545, 634, 687, 777, 818, 826, 835, 857, 991, 994, 1003, 1079, 1084, 1465, 1469, 1513, 1525, 1534, 1589, 1706, 1770, 1785, 1831, 1931, 1948, 2017, 2136, 2282, 2347, 2594, 2622, 2638, 2640, 2689, 2764, 2864, 3023, 3039, 3050, 3059, 3137, 3173, 3233, 3269, 3539, 3544
15, 74, 131, 235, 484, 490, 598, 612, 770, 796, 821, 839, 913, 922, 935, 953, 1059, 1092, 1104, 1177, 1189, 1224, 1246, 1344, 1355, 1447, 1570, 1587, 1695, 1871, 1959, 2003, 2063, 2134, 2269, 2272, 2402, 2430, 2530, 2533, 2603, 2799, 3235, 3274, 3317, 3400, 3415, 3453, 3457, 3504, 3545, 3577, 3585, 3659, 3709, 3765
53, 75, 100, 246, 261, 302, 561, 630, 908, 914, 1182, 1457, 1500, 1518, 1923, 2094, 2155, 2191, 2371, 2489, 2510, 2549, 2675, 2748, 2847, 2853, 2860, 3239, 3349, 3508, 3586, 3609
0, 22, 45, 59, 60, 70, 104, 136, 149, 172, 334, 478, 538, 572, 745, 766, 768, 793, 836, 866, 1002, 1036, 1076, 1158, 1174, 1215, 1229, 1280, 1362, 1367, 1404, 1456, 1585, 1594, 1643, 1665, 1714, 1771, 1781, 1834, 1850, 1910, 1966, 2022, 2062, 2089, 2106, 2132, 2146, 2208, 2295, 2343, 2423, 2447, 2506, 2609, 2677, 2703, 2730, 2788, 2830, 2840, 2844, 2892, 3019, 3020, 3149, 3171, 3181, 3230, 3249, 3304, 3426, 3427, 3439, 3472, 3496, 3547, 3571, 3581, 3587, 3604, 3626, 3657, 3750, 3752
47, 62, 66, 95, 137, 148, 200, 242, 269, 275, 306, 335, 486, 503, 515, 564, 678, 715, 802, 833, 852, 898, 1015, 1019, 1042, 1061, 1075, 1098, 1132, 1140, 1169, 1292, 1412, 1445, 1468, 1483, 1571, 1614, 1703, 1758, 1782, 1786, 1812, 1828, 1933, 1949, 1995, 2006, 2045, 2095, 2173, 2203, 2236, 2248, 2262, 2281, 2300, 2304, 2331, 2617, 2649, 2696, 2724, 2744, 2885, 2908, 2950, 2980, 3036, 3038, 3047, 3058, 3103, 3113, 3116, 3142, 3155, 3177, 3234, 3309, 3329, 3412, 3445, 3473, 3503, 3515, 3573, 3597, 3608, 3622, 3636, 3662, 3701, 3751