47, 62, 66, 95, 137, 148, 200, 242, 269, 275, 306, 335, 486, 503, 515, 564, 678, 715, 802, 833, 852, 898, 976, 1015, 1042, 1061, 1098, 1140, 1169, 1256, 1292, 1412, 1445, 1468, 1571, 1614, 1703, 1758, 1786, 1812, 1828, 1933, 1949, 1995, 2006, 2045, 2095, 2173, 2203, 2236, 2248, 2262, 2281, 2300, 2304, 2331, 2617, 2649, 2696, 2724, 2744, 2885, 2908, 2950, 2980, 3038, 3047, 3058, 3113, 3116, 3142, 3155, 3177, 3234, 3329, 3340, 3412, 3445, 3473, 3503, 3573, 3597, 3622, 3662, 3701, 3751
601, 654, 1693, 2118, 2182, 2824, 3314
15, 74, 131, 227, 235, 490, 598, 612, 613, 666, 680, 686, 695, 770, 796, 821, 839, 841, 913, 922, 930, 953, 984, 1065, 1104, 1177, 1224, 1264, 1337, 1344, 1355, 1447, 1468, 1515, 1524, 1573, 1695, 1930, 1959, 2003, 2063, 2078, 2122, 2134, 2235, 2272, 2289, 2402, 2430, 2500, 2590, 2603, 2799, 2920, 2937, 2949, 2977, 3044, 3235, 3274, 3315, 3317, 3400, 3415, 3431, 3453, 3504, 3545, 3577, 3585, 3659, 3709, 3713, 3765
251, 327, 340, 1068, 1231, 1282, 1302, 1374, 1405, 1526, 1553, 1648, 1696, 1805, 1841, 2158, 2355, 2583, 2634, 2796, 3170, 3292, 3419, 3728
0, 22, 45, 59, 70, 136, 149, 172, 334, 384, 434, 478, 572, 674, 745, 766, 769, 793, 836, 866, 1002, 1036, 1076, 1158, 1181, 1215, 1229, 1280, 1293, 1362, 1367, 1404, 1456, 1585, 1594, 1643, 1665, 1710, 1714, 1760, 1771, 1781, 1795, 1834, 1850, 1910, 1966, 2022, 2062, 2089, 2106, 2132, 2146, 2176, 2208, 2322, 2343, 2423, 2447, 2494, 2506, 2609, 2677, 2730, 2788, 2830, 2844, 2892, 3019, 3020, 3149, 3171, 3181, 3230, 3249, 3426, 3427, 3439, 3472, 3496, 3547, 3571, 3581, 3587, 3604, 3626, 3646, 3657, 3752
1, 5, 18, 26, 36, 50, 139, 179, 207, 213, 248, 294, 296, 358, 469, 502, 513, 528, 683, 712, 716, 780, 909, 1041, 1072, 1197, 1200, 1286, 1299, 1300, 1322, 1356, 1446, 1625, 1821, 1993, 2001, 2066, 2144, 2242, 2264, 2280, 2360, 2362, 2385, 2405, 2408, 2552, 2553, 2631, 2632, 2768, 2801, 2823, 2880, 2914, 3048, 3118, 3150, 3172, 3182, 3406, 3452, 3485, 3490, 3550, 3580, 3652, 3747
44, 209, 338, 406, 723, 733, 903, 1047, 1271, 1638, 1718, 2024, 2234, 2398, 2426, 2715, 2772, 2870, 2954, 2974, 3006, 3089, 3225, 3304, 3396, 3574, 3615, 3695
347, 366, 421, 590, 594, 1265, 1275, 1279, 2168, 2413, 2525, 2585, 3296, 3339, 3522, 3755
54, 631, 1051, 1100, 2175, 2388, 2606, 2995, 3178, 3532, 3739
125, 191, 225, 276, 304, 326, 354, 359, 514, 524, 656, 724, 880, 886, 958, 997, 1143, 1175, 1194, 1268, 1343, 1378, 1392, 1416, 1472, 1485, 1550, 1580, 1705, 1708, 1816, 1924, 1961, 1975, 1979, 2042, 2104, 2130, 2142, 2171, 2309, 2316, 2364, 2381, 2497, 2621, 2627, 2743, 2761, 2851, 2883, 2906, 2924, 2978, 2994, 3051, 3083, 3120, 3164, 3370, 3386, 3511, 3612, 3731
51, 92, 293, 399, 474, 625, 829, 1014, 1091, 1107, 1110, 1120, 1183, 1210, 1340, 1359, 1384, 1592, 1593, 1645, 1655, 1657, 1720, 1726, 1779, 1908, 1913, 1929, 2002, 2107, 2183, 2257, 2260, 2303, 2556, 2738, 2769, 2825, 2833, 2879, 2991, 3040, 3046, 3053, 3127, 3156, 3201, 3231, 3253, 3264, 3272, 3287, 3316, 3416, 3456, 3519, 3536, 3568, 3694, 3742
123, 133, 292, 485, 488, 489, 543, 560, 570, 580, 611, 615, 623, 645, 737, 778, 824, 854, 859, 865, 928, 978, 1184, 1212, 1251, 1357, 1361, 1453, 1556, 1604, 1721, 1799, 1802, 1814, 1938, 1974, 1989, 2079, 2088, 2138, 2279, 2312, 2456, 2581, 2619, 2623, 2646, 2700, 2770, 2780, 2802, 2921, 2930, 2952, 2981, 3029, 3090, 3126, 3135, 3305, 3361, 3433, 3454, 3510, 3578, 3692, 3715, 3729
23, 55, 57, 174, 295, 325, 397, 608, 649, 681, 800, 872, 891, 960, 1039, 1090, 1118, 1155, 1160, 1180, 1217, 1260, 1297, 1298, 1424, 1532, 1549, 1595, 1657, 1673, 1680, 1751, 1761, 1827, 1915, 2008, 2445, 2472, 2475, 2505, 2555, 2641, 2651, 2658, 2721, 2735, 2756, 2758, 2929, 2942, 3004, 3031, 3077, 3255, 3276, 3524, 3605
27, 175, 193, 259, 263, 288, 403, 431, 464, 533, 563, 588, 711, 736, 762, 850, 992, 1022, 1108, 1151, 1167, 1202, 1207, 1370, 1377, 1385, 1450, 1489, 1499, 1520, 1583, 1620, 1682, 1745, 1778, 1790, 1828, 1953, 2018, 2028, 2046, 2064, 2074, 2127, 2255, 2258, 2267, 2292, 2321, 2406, 2443, 2542, 2571, 2604, 2673, 2750, 2811, 2828, 2866, 2907, 2934, 3015, 3052, 3071, 3193, 3202, 3216, 3295, 3324, 3354, 3389, 3500, 3506, 3555, 3616, 3684, 3743
17, 34, 41, 69, 123, 217, 232, 297, 370, 383, 385, 436, 444, 491, 492, 517, 542, 760, 952, 973, 1109, 1209, 1428, 1437, 1646, 1756, 1783, 1801, 1963, 2015, 2020, 2039, 2129, 2246, 2290, 2339, 2438, 2474, 2495, 2538, 2679, 2682, 2874, 2946, 2987, 3151, 3265, 3279, 3338, 3570, 3681
352, 402, 426, 470, 493, 579, 677, 704, 707, 758, 910, 962, 1017, 1037, 1270, 1578, 1642, 1739, 1750, 1769, 1804, 1815, 1928, 1976, 1996, 2150, 2417, 2745, 2765, 2837, 2871, 2890, 2915, 3278, 3308, 3326, 3364, 3385, 3546, 3557, 3589, 3596, 3697, 3735, 3741
145, 201, 352, 470, 493, 579, 592, 609, 704, 707, 757, 758, 845, 897, 962, 972, 1017, 1037, 1323, 1438, 1443, 1503, 1624, 1642, 1700, 1739, 1759, 1769, 1835, 1848, 1928, 1984, 2150, 2268, 2277, 2377, 2417, 2516, 2539, 2613, 2712, 2745, 2837, 2884, 2890, 2900, 2915, 3086, 3092, 3140, 3185, 3251, 3308, 3326, 3364, 3385, 3388, 3418, 3462, 3530, 3546, 3589, 3596, 3665, 3669, 3741
215, 322, 323, 429, 620, 651, 653, 726, 799, 1163, 1238, 1331, 1342, 1346, 1376, 1440, 1470, 1481, 1502, 1544, 1654, 1704, 1849, 1861, 1942, 2013, 2103, 2193, 2314, 2318, 2482, 2540, 2777, 2803, 2805, 2848, 2897, 2971, 2972, 2979, 3072, 3131, 3362, 3387, 3398, 3576, 3640, 3648, 3732
23, 55, 57, 109, 174, 220, 295, 325, 397, 463, 529, 608, 649, 681, 713, 714, 800, 817, 872, 884, 891, 911, 960, 1020, 1090, 1118, 1155, 1160, 1217, 1260, 1281, 1297, 1298, 1423, 1424, 1530, 1532, 1549, 1672, 1673, 1680, 1751, 1761, 1827, 1900, 1915, 1934, 2008, 2172, 2202, 2229, 2357, 2394, 2414, 2442, 2445, 2472, 2475, 2496, 2505, 2555, 2641, 2651, 2658, 2718, 2721, 2723, 2735, 2756, 2758, 2779, 2929, 2942, 3004, 3005, 3031, 3077, 3132, 3152, 3255, 3261, 3276, 3524, 3568, 3605, 3606
10, 85, 193, 263, 357, 483, 533, 563, 992, 1151, 1377, 1450, 1489, 1520, 1583, 1620, 1717, 1730, 1790, 1953, 2064, 2127, 2151, 2219, 2292, 2389, 2571, 2750, 2866, 2925, 2934, 2992, 3032, 3071, 3193, 3216, 3354, 3389, 3422, 3500, 3616
11, 105, 237, 282, 313, 342, 412, 496, 507, 576, 585, 639, 673, 1102, 1142, 1195, 1261, 1390, 1408, 1419, 1627, 1668, 1683, 1719, 1722, 1736, 1827, 1980, 1997, 2178, 2237, 2278, 2419, 2440, 2605, 2659, 2669, 2671, 2691, 2747, 2774, 2886, 2899, 2923, 2963, 3224, 3330, 3382, 3393, 3403, 3486, 3488, 3538, 3641, 3676, 3723, 3736
323, 2270, 3732
744, 1023, 1380, 1856, 1947, 2702
132, 182, 198, 215, 278, 318, 319, 322, 355, 429, 476, 504, 600, 620, 642, 653, 726, 777, 799, 974, 990, 1053, 1133, 1163, 1238, 1331, 1342, 1346, 1376, 1397, 1470, 1477, 1502, 1529, 1544, 1574, 1654, 1677, 1704, 1849, 1861, 1886, 1942, 1956, 2013, 2030, 2043, 2167, 2193, 2209, 2230, 2270, 2314, 2318, 2458, 2482, 2500, 2554, 2639, 2689, 2777, 2803, 2805, 2819, 2848, 2863, 2897, 2971, 2972, 2997, 3062, 3072, 3102, 3226, 3294, 3353, 3398, 3576, 3640, 3648, 3732, 3749
58, 72, 96, 109, 127, 151, 257, 270, 300, 498, 548, 652, 741, 868, 887, 907, 957, 963, 1026, 1057, 1170, 1360, 1366, 1461, 1581, 1723, 1729, 1732, 1808, 1855, 1988, 2032, 2067, 2261, 2265, 2433, 2573, 2643, 2746, 2881, 2942, 3027, 3037, 3060, 3112, 3212, 3260, 3284, 3357, 3446, 3465, 3483, 3705, 3768
47, 283, 400, 527, 606, 795, 831, 847, 1025, 1062, 1064, 1221, 1257, 1304, 1347, 1372, 1690, 1822, 1857, 2011, 2087, 2114, 2245, 2367, 2391, 2591, 2665, 2792, 2843, 2988, 3079, 3373, 3443, 3459, 3499, 3625, 3670
46, 106, 155, 169, 192, 199, 243, 331, 367, 432, 518, 520, 591, 641, 647, 676, 749, 759, 787, 801, 811, 954, 955, 1056, 1134, 1141, 1152, 1157, 1192, 1218, 1250, 1287, 1307, 1379, 1430, 1442, 1464, 1496, 1504, 1519, 1528, 1547, 1608, 1725, 1809, 1826, 1839, 2009, 2031, 2072, 2252, 2324, 2330, 2335, 2337, 2379, 2387, 2395, 2436, 2487, 2492, 2521, 2535, 2572, 2593, 2599, 2614, 2642, 2698, 2706, 2842, 2898, 2955, 2965, 2976, 3008, 3026, 3087, 3117, 3119, 3160, 3242, 3303, 3322, 3333, 3359, 3399, 3447, 3514, 3542, 3591, 3621, 3624, 3654, 3655, 3664, 3700
341, 679, 722, 803, 967, 969, 1078, 1119, 1144, 1164, 1239, 1339, 1387, 1466, 1628, 2325, 3105, 3114, 3207, 3300, 3706
114, 123, 133, 292, 386, 485, 488, 489, 543, 559, 560, 569, 570, 580, 611, 615, 623, 645, 706, 737, 778, 824, 853, 854, 859, 861, 865, 892, 928, 978, 1073, 1184, 1212, 1242, 1251, 1273, 1357, 1361, 1453, 1556, 1557, 1604, 1611, 1721, 1799, 1802, 1814, 1853, 1907, 1938, 1974, 1989, 2079, 2088, 2138, 2279, 2312, 2403, 2456, 2493, 2517, 2544, 2581, 2607, 2619, 2623, 2646, 2700, 2734, 2770, 2780, 2802, 2904, 2921, 2930, 2952, 2962, 2981, 3029, 3090, 3125, 3126, 3135, 3305, 3361, 3433, 3454, 3476, 3482, 3510, 3578, 3583, 3627, 3632, 3692, 3715, 3729, 3733
14, 39, 88, 103, 113, 185, 202, 301, 312, 382, 441, 447, 452, 490, 506, 525, 605, 646, 657, 682, 774, 788, 842, 902, 920, 961, 983, 1052, 1103, 1111, 1146, 1269, 1484, 1510, 1527, 1610, 1674, 1679, 1740, 1794, 1886, 1917, 1921, 1943, 1965, 2034, 2041, 2049, 2164, 2196, 2349, 2409, 2478, 2501, 2574, 2588, 2757, 2806, 2813, 2856, 2932, 2941, 2996, 3055, 3056, 3123, 3213, 3218, 3302, 3331, 3469, 3470, 3593, 3600, 3650, 3671, 3672, 3680, 3707
22, 45, 104, 136, 149, 172, 334, 384, 434, 478, 538, 572, 745, 766, 768, 793, 866, 1002, 1076, 1158, 1174, 1181, 1215, 1229, 1280, 1293, 1362, 1367, 1404, 1456, 1585, 1594, 1643, 1710, 1714, 1771, 1795, 1834, 1850, 1882, 1910, 1966, 2022, 2062, 2089, 2106, 2132, 2146, 2176, 2208, 2322, 2343, 2423, 2506, 2609, 2677, 2703, 2730, 2788, 2840, 2844, 2892, 3019, 3020, 3149, 3171, 3249, 3427, 3439, 3472, 3496, 3547, 3571, 3581, 3587, 3626, 3646, 3750, 3752
15, 131, 227, 336, 490, 598, 612, 666, 680, 695, 770, 821, 839, 841, 922, 930, 953, 965, 1059, 1092, 1177, 1189, 1224, 1246, 1337, 1344, 1470, 1515, 1524, 1570, 1573, 1695, 1930, 2003, 2016, 2063, 2078, 2122, 2235, 2269, 2402, 2430, 2530, 2603, 2799, 2937, 2977, 3044, 3103, 3129, 3158, 3274, 3315, 3317, 3415, 3431, 3453, 3457, 3515, 3526, 3577, 3709, 3713
21, 52, 101, 162, 181, 216, 361, 379, 411, 415, 479, 501, 567, 586, 624, 629, 660, 669, 684, 689, 702, 718, 740, 748, 806, 823, 877, 882, 918, 987, 1029, 1034, 1038, 1263, 1310, 1311, 1452, 1475, 1567, 1741, 1764, 1774, 1852, 1982, 2010, 2019, 2036, 2141, 2223, 2226, 2283, 2294, 2400, 2404, 2434, 2460, 2483, 2558, 2560, 2578, 2611, 2633, 2637, 2668, 2710, 2713, 2716, 2742, 2766, 2775, 2951, 3045, 3146, 3157, 3328, 3341, 3434, 3513, 3562, 3594, 3617, 3710, 3725, 3727, 3734
63, 98, 116, 120, 122, 320, 347, 366, 389, 421, 566, 594, 708, 738, 870, 956, 1018, 1067, 1083, 1113, 1116, 1149, 1156, 1214, 1252, 1267, 1272, 1275, 1279, 1317, 1350, 1425, 1426, 1451, 1459, 1488, 1528, 1670, 1694, 1817, 1842, 1864, 1920, 2000, 2050, 2075, 2080, 2093, 2096, 2168, 2194, 2205, 2224, 2298, 2413, 2420, 2446, 2452, 2565, 2585, 2626, 2650, 2754, 2786, 2841, 2917, 2940, 2984, 3018, 3128, 3145, 3162, 3174, 3195, 3238, 3296, 3339, 3395, 3435, 3464, 3474, 3491, 3522, 3647, 3755
84, 160, 205, 258, 271, 776, 971, 1043, 1274, 1396, 1473, 1539, 1600, 1796, 1919, 1978, 2083, 2115, 2165, 2354, 2363, 2393, 2543, 2666, 2727, 2741, 2794, 2797, 2798, 2835, 2868, 2882, 2910, 3007, 3035, 3068, 3271, 3277, 3390, 3556
461, 1062, 1386, 1687, 1845, 2988, 3373, 3459
10, 33, 38, 61, 165, 166, 228, 239, 393, 593, 597, 603, 621, 662, 685, 699, 756, 834, 862, 871, 938, 993, 1007, 1048, 1176, 1216, 1222, 1225, 1395, 1435, 1441, 1558, 1583, 1754, 1784, 1914, 1973, 2068, 2116, 2121, 2128, 2249, 2301, 2345, 2469, 2509, 2567, 2579, 2670, 2709, 2849, 2939, 2943, 2983, 2986, 2992, 3122, 3134, 3205, 3347, 3360, 3369, 3422, 3637, 3714, 3756, 3770
47, 62, 66, 95, 148, 242, 275, 306, 486, 503, 515, 564, 715, 833, 852, 898, 1019, 1042, 1140, 1256, 1571, 1703, 1758, 1782, 1786, 1812, 1933, 1995, 2045, 2064, 2095, 2262, 2304, 2331, 2696, 2724, 2744, 2908, 2980, 3036, 3038, 3103, 3113, 3116, 3142, 3329, 3412, 3515, 3573, 3622, 3701
24, 103, 113, 177, 185, 202, 447, 490, 525, 667, 781, 788, 902, 961, 1046, 1052, 1103, 1111, 1146, 1269, 1309, 1467, 1484, 1486, 1510, 1610, 1794, 1921, 1926, 1965, 2143, 2358, 2409, 2588, 2757, 2813, 2996, 3123, 3213, 3218, 3244, 3588, 3672, 3707
9, 91, 168, 303, 337, 456, 508, 596, 849, 919, 975, 1008, 1031, 1044, 1117, 1147, 1166, 1258, 1414, 1415, 1492, 1494, 1536, 1606, 1684, 1724, 1762, 1986, 2076, 2100, 2108, 2113, 2241, 2297, 2329, 2376, 2386, 2422, 2431, 2437, 2449, 2484, 2511, 2872, 2945, 3229, 3240, 3332, 3372, 3391, 3442, 3507, 3552, 3760