3953, 5578, 7426, 15867, 16607, 18546, 19354, 19603, 19834, 29001, 29741, 29921, 30177, 31186, 34269, 35700, 38624, 39593, 39673, 42179, 47573, 48191, 51057, 51448, 56764, 57095, 57415, 59914, 62653, 62895, 70600, 75182, 78493, 78614, 82181, 84749, 89800, 96686, 103198, 105923, 106529, 109899, 111989, 126619, 128503, 129345, 133442, 136168, 138909, 140585, 144688, 145046, 147423, 154262, 155402
354, 9196, 16105, 16213, 17656, 20022, 20359, 24750, 27319, 27490, 28130, 28602, 33485, 39179, 40547, 42407, 43595, 45020, 45889, 47767, 48316, 48954, 50187, 51293, 53263, 53594, 53972, 56817, 59895, 60174, 64646, 66831, 68199, 69680, 71816, 73209, 81737, 83299, 86788, 95926, 96336, 96431, 102832, 111446, 113317, 120793, 123163, 127167, 131622, 131698, 137618, 144439, 144727, 148700, 150625
13801, 59893, 120499
3132, 4118, 5352, 6836, 9407, 10167, 12063, 13096, 16128, 20517, 26674, 28368, 28413, 28788, 29472, 32727, 39543, 40398, 41839, 42208, 44731, 47824, 47984, 51900, 54045, 55132, 56211, 58121, 59916, 60633, 68044, 75922, 83182, 85737, 87872, 95517, 100503, 102914, 105356, 105445, 106188, 108214, 108254, 111266, 112124, 114787, 116805, 118193, 118460, 119955, 128606, 134486, 134725, 135561, 146897
30221, 31078, 50812, 59877, 59889, 59895, 59901, 61598, 107869, 122428, 124405, 135008, 138679
361, 699, 1484, 2959, 4914, 9869, 11005, 11768, 13354, 15180, 15388, 15594, 15629, 17400, 17873, 24934, 27155, 27304, 27695, 43136, 43374, 43439, 44009, 45028, 47596, 52565, 58813, 59878, 62113, 63989, 64349, 74616, 79244, 86102, 91737, 93300, 96394, 99949, 101627, 105205, 112253, 116629, 119966, 126605, 127323, 127820, 133974, 138813, 143546, 146601, 151081, 151139, 153652, 154497, 158369
9278, 33620, 40774, 59883, 59897, 59900, 59910, 66980, 74801, 82250, 84769, 95258, 103831, 113932, 115647, 122805, 125627, 128295, 133963, 134404, 144686, 155007
3002, 5057, 5392, 8400, 9313, 9367, 10646, 12393, 15316, 17355, 18845, 20247, 22287, 25600, 27152, 27265, 32580, 34689, 40179, 41377, 46118, 48532, 49206, 50078, 52821, 56365, 58413, 59884, 60621, 64065, 65474, 72160, 78900, 83604, 84961, 88423, 92719, 101372, 107066, 107809, 112437, 122038, 125815, 126016, 128253, 129586, 130492, 136231, 139504, 140653, 150036, 152505, 155155, 158381, 158827
571, 1716, 5395, 5718, 7068, 7245, 8521, 8995, 13026, 19839, 20852, 22715, 23069, 23578, 24844, 25371, 27651, 31308, 32334, 34487, 40695, 47428, 47616, 48929, 49153, 50886, 55571, 56327, 59902, 61470, 63718, 69858, 70059, 71566, 72178, 74008, 88169, 89628, 91415, 91802, 92041, 103368, 105848, 109710, 111071, 113335, 117545, 124342, 128907, 129559, 138158, 140755, 145250, 145596, 156557
36, 1022, 2051, 2974, 4745, 10369, 15506, 17326, 17851, 19026, 22149, 22378, 24105, 27765, 29749, 32252, 37841, 37908, 40638, 41646, 43770, 44920, 47230, 51148, 55025, 55551, 56684, 58341, 59882, 72434, 73229, 75870, 79911, 85045, 88136, 91029, 95743, 98089, 102694, 107998, 108862, 121055, 121206, 123500, 124340, 131928, 133000, 133020, 133843, 135261, 139493, 149687, 155539, 156978, 159333
3, 1413, 1464, 5912, 7497, 14286, 16702, 19775, 22428, 23687, 26538, 27826, 28602, 29963, 33467, 33505, 35542, 38331, 38639, 42241, 44282, 47041, 51285, 55299, 56239, 58326, 59070, 59881, 64537, 68337, 68647, 69702, 71651, 72633, 78159, 78684, 79277, 80520, 90004, 90842, 113874, 126108, 126531, 127498, 132527, 132586, 132743, 133688, 135211, 141815, 142793, 143263, 143430, 145483, 147469
1748, 2206, 2550, 9544, 11045, 11642, 14130, 16206, 18227, 18325, 20008, 20591, 22919, 31904, 33348, 35617, 36631, 38836, 40491, 45164, 46958, 48359, 49414, 50498, 55549, 57162, 59300, 59918, 63261, 73969, 75315, 75926, 76700, 87084, 91448, 92620, 93977, 94684, 97506, 101664, 102989, 103423, 110594, 110643, 116609, 120070, 122564, 123912, 132110, 132344, 132454, 135338, 136996, 149175, 156253
1032, 2851, 6048, 9081, 10742, 10965, 15136, 17856, 18787, 19227, 22249, 22266, 30125, 31434, 35445, 36327, 37295, 38823, 40455, 41214, 41389, 43160, 44556, 46060, 49618, 53487, 54431, 58594, 59889, 78976, 81446, 91864, 101422, 101477, 110995, 115314, 124230, 125148, 125333, 125340, 130561, 135157, 135532, 136915, 137080, 139595, 140784, 141168, 141697, 145878, 152885, 153204, 154504, 155255, 155292
5337, 6502, 8736, 16732, 18019, 18454, 20182, 21026, 22791, 25837, 29155, 29468, 32288, 32550, 37741, 40663, 42519, 42866, 43149, 44268, 45228, 45497, 48720, 49614, 56625, 56912, 58667, 59904, 60888, 61312, 66575, 68762, 71269, 75245, 77307, 78453, 80205, 81468, 83993, 89158, 90077, 95413, 95560, 97507, 104148, 105367, 110829, 117806, 123610, 133750, 134048, 136935, 150646, 151377, 154010
1117, 4869, 7026, 10598, 14624, 15682, 17730, 19009, 21256, 21354, 21637, 21672, 24538, 24863, 25099, 28461, 28471, 28964, 29706, 34061, 35094, 37064, 38927, 42616, 48649, 52790, 54677, 58626, 59876, 60214, 65209, 66599, 66667, 67042, 73122, 81300, 83248, 83485, 83591, 93268, 102734, 108292, 114054, 117399, 120289, 121677, 124392, 126736, 130242, 131133, 131290, 135463, 136247, 138389, 146818
3680, 4635, 5573, 8782, 11520, 17339, 18617, 20614, 23281, 24126, 25929, 27319, 29737, 30108, 33055, 34919, 36339, 39230, 40291, 41310, 43447, 43940, 44006, 49340, 53367, 54715, 54897, 55288, 57179, 58075, 58667, 59897, 61230, 61388, 81613, 90807, 91268, 94644, 94726, 103184, 105181, 108081, 109221, 122562, 131750, 133754, 137115, 139701, 144529, 147462, 147838, 150600, 151598, 153558, 157033
1022, 1790, 2547, 4873, 6968, 8557, 16543, 19981, 20985, 22673, 24539, 25020, 26426, 28926, 29760, 30457, 33837, 35722, 36511, 37484, 44742, 47985, 49540, 51707, 52790, 55198, 56838, 57785, 59901, 60573, 80850, 82037, 84889, 91396, 93421, 97762, 102963, 107265, 107653, 109465, 113677, 116346, 119671, 120915, 125283, 128933, 135928, 136188, 138153, 141864, 142305, 148855, 151867, 152807, 159599
818, 8761, 9973, 10055, 12122, 12623, 13292, 13370, 17370, 17426, 21319, 22078, 22822, 24616, 27758, 29379, 35178, 36899, 37152, 41684, 42061, 42883, 44138, 47275, 51595, 53868, 58155, 58505, 59891, 67489, 71665, 73430, 79843, 80148, 84391, 91218, 95683, 97185, 98792, 102322, 113282, 119227, 119318, 121040, 124070, 130057, 135594, 136642, 137714, 137985, 138710, 147857, 150949, 151130, 156979
3440, 4523, 4849, 5838, 6305, 6319, 6620, 7384, 7710, 8826, 10281, 10595, 11279, 12801, 13287, 13706, 14295, 15027, 15321, 15862, 17550, 19733, 20147, 20162, 20315, 20496, 21006, 21572, 24686, 24876, 24978, 25004, 28029, 28341, 29593, 30346, 31400, 32998, 35449, 36367, 36651, 36870, 40772, 40810, 41347, 42595, 42965, 43213, 43466, 44050, 46223, 47340, 49388, 49899, 59888
1233, 3567, 6264, 6398, 7648, 13059, 13153, 14886, 21344, 22820, 24765, 31091, 31515, 35445, 36162, 36256, 37360, 38337, 38564, 39417, 43405, 43535, 47070, 52333, 56796, 57222, 58819, 59898, 62958, 63798, 70970, 78347, 79600, 84882, 85961, 86723, 87514, 89070, 89794, 91201, 96906, 96996, 103951, 108456, 115763, 123931, 126200, 126852, 127817, 127910, 140171, 149734, 156199, 156755, 159085
4944, 5336, 5664, 7385, 7700, 11160, 14943, 17899, 17979, 18471, 19856, 21770, 22312, 23076, 29737, 34008, 35147, 39080, 41310, 44181, 45614, 46278, 46830, 50490, 51743, 53571, 56849, 59912, 60232, 60980, 62023, 66441, 76698, 79884, 83511, 89057, 95408, 95537, 101098, 101628, 101629, 104109, 104724, 122747, 124496, 127824, 135993, 141510, 143366, 145674, 147240, 152523, 156021, 158021, 158587
1386, 1699, 4354, 5674, 5700, 9369, 12151, 13706, 14170, 17586, 18629, 21515, 22313, 23824, 26349, 26791, 27786, 29428, 29737, 32419, 35106, 35720, 36958, 40554, 44087, 44534, 48175, 50832, 52546, 59913, 62154, 64084, 64914, 66290, 66744, 67637, 68144, 75848, 85482, 85777, 95098, 97873, 102386, 117684, 128449, 138082, 139151, 139545, 140929, 144311, 146008, 147218, 150778, 155056, 157594
3817, 4226, 4445, 6658, 8723, 10533, 13029, 13908, 15516, 16119, 16947, 17120, 17139, 17229, 17541, 18402, 19663, 21850, 26659, 27992, 34208, 35987, 42586, 46399, 47322, 54351, 55581, 56077, 56567, 59915, 61833, 64074, 73645, 74683, 81410, 82481, 84826, 90887, 99175, 117689, 123184, 127413, 127964, 128604, 136354, 139042, 140724, 140751, 141305, 147476, 149069, 150257, 153055, 154117, 159012
596, 11241, 28525, 38297, 39799, 53596, 55562, 59875, 59907, 59915, 62759, 78715, 88517, 100526, 102260, 126837, 135435, 149299
1051, 1408, 2074, 6875, 12788, 12875, 14679, 14817, 16753, 21038, 23910, 25945, 27065, 27635, 29835, 33818, 34617, 34919, 35120, 35486, 36162, 42203, 46314, 46785, 49422, 50331, 50376, 59119, 59883, 62681, 64717, 69060, 70174, 70214, 70919, 71377, 82262, 82403, 108664, 108891, 108993, 111228, 116980, 117701, 121679, 133487, 134661, 137159, 141477, 142319, 153168, 153638, 156704, 156807, 158583
824, 892, 2137, 4080, 5663, 7942, 8262, 9135, 9231, 12709, 13549, 14726, 17686, 17904, 20209, 20245, 20353, 22791, 35465, 35873, 37750, 37841, 37857, 41663, 42901, 45610, 49603, 54381, 56625, 59887, 63385, 69474, 73004, 78099, 78163, 78791, 79551, 83773, 83910, 85921, 87269, 89343, 95203, 97961, 108491, 130800, 133121, 135654, 139946, 140263, 141489, 148838, 150022, 155358, 156415
262, 5633, 7674, 8486, 8944, 9981, 11480, 12531, 17947, 19723, 20857, 25964, 29183, 31125, 34485, 34539, 34575, 36232, 38937, 39055, 44242, 44399, 44473, 45090, 46196, 57267, 58368, 59917, 63221, 64875, 73258, 73785, 77787, 91677, 93538, 94756, 94760, 97625, 100147, 103588, 107679, 114562, 115204, 117527, 119009, 120534, 123604, 130298, 133644, 134948, 139135, 142297, 148343, 151249, 155254
4608, 7176, 9311, 10368, 12464, 14223, 16015, 16723, 16808, 19431, 24805, 24889, 26855, 27690, 29572, 29827, 31139, 32633, 34050, 34393, 43940, 44407, 49426, 49476, 53295, 57303, 58823, 59903, 60324, 61041, 63556, 65166, 67741, 70147, 71379, 73327, 78504, 98444, 98483, 100317, 107844, 110097, 111176, 112129, 124590, 127676, 137362, 139139, 140961, 141233, 149091, 151919, 152792, 152845, 154908
4118, 5375, 9168, 9517, 12325, 14083, 16246, 16631, 17014, 17218, 20289, 22682, 22936, 23356, 23505, 28053, 30414, 34986, 36340, 41444, 41562, 41940, 47715, 50772, 51578, 52914, 57106, 59910, 68773, 71731, 71872, 79395, 91745, 97697, 98630, 100469, 102440, 114069, 120488, 121166, 122594, 124943, 127044, 131843, 134842, 135468, 135735, 138104, 138129, 140821, 148723, 149195, 149311, 154513, 155266
711, 1951, 2482, 8923, 9819, 10798, 11178, 13130, 16925, 19476, 20023, 20259, 22405, 27300, 28033, 28666, 31705, 31792, 34042, 34271, 42190, 45020, 45113, 49467, 50502, 50520, 52447, 55330, 59885, 62437, 64141, 70264, 70882, 73989, 74953, 94227, 94635, 97810, 97854, 100696, 100754, 107997, 111785, 112482, 113778, 114676, 114800, 126798, 143965, 144758, 145624, 148016, 149126, 150516, 153814
478, 1122, 1246, 4939, 9231, 11111, 11252, 12422, 12543, 17104, 18546, 19592, 23122, 23958, 24925, 25168, 26432, 32431, 42432, 43377, 46314, 47695, 48446, 50924, 55825, 56492, 59053, 59190, 59880, 63111, 71656, 77345, 84972, 91418, 94304, 95141, 97317, 102354, 104174, 105760, 108648, 109682, 110536, 118899, 123202, 126330, 130985, 141846, 142728, 145568, 146487, 150925, 154928, 155791, 156982
8574, 8595, 8992, 9057, 11147, 18637, 20018, 20584, 24202, 26193, 28977, 31297, 31596, 34540, 34670, 36753, 39297, 43039, 43366, 43378, 47164, 48761, 51048, 53443, 53487, 53949, 57223, 59909, 64995, 65134, 71512, 75724, 76817, 84429, 84510, 97710, 103342, 104061, 106786, 108461, 112258, 113135, 127950, 128651, 129242, 129660, 130712, 133520, 134323, 136311, 138777, 139191, 144531, 148874, 155851
1433, 1839, 3256, 3659, 4014, 4638, 4927, 6620, 8661, 13970, 14017, 15350, 16287, 20591, 26464, 32593, 33051, 33168, 34649, 34767, 35474, 38625, 39145, 43466, 48412, 49229, 50547, 52433, 54571, 54767, 55193, 55496, 56670, 57132, 57756, 57867, 58315, 58916, 59899, 64086, 74506, 79391, 106889, 109241, 117967, 120976, 127484, 127708, 128888, 131288, 135943, 136763, 142429, 149501, 159539
35, 3149, 10487, 10533, 10933, 14700, 15921, 15968, 16611, 16766, 23594, 26834, 27818, 29544, 34189, 40019, 40693, 43334, 48147, 48217, 50743, 51263, 54779, 55581, 57374, 59132, 59530, 59848, 59892, 60808, 63525, 64325, 73416, 79572, 79651, 89258, 90887, 90973, 92487, 98544, 104583, 109030, 109239, 117401, 124579, 126807, 127212, 128448, 131796, 133365, 135909, 139321, 142233, 147492, 155084
1574, 4035, 4169, 6906, 11834, 12517, 17448, 17939, 18063, 21115, 24189, 24657, 32639, 35254, 39924, 41941, 42293, 44768, 45435, 46336, 46904, 51014, 54245, 55164, 55974, 59303, 59704, 59911, 66453, 71451, 73966, 74070, 84873, 87757, 91672, 93094, 94251, 96960, 97648, 99341, 103137, 103929, 105439, 117516, 118218, 124314, 125510, 128403, 129539, 130470, 132435, 140139, 143353, 145216, 151631
1517, 3372, 4231, 6319, 10378, 15876, 19684, 21555, 22282, 22862, 23775, 24502, 25210, 27056, 33586, 36570, 38673, 40436, 43010, 47827, 48179, 48661, 50615, 53971, 57805, 58503, 59255, 59528, 59906, 62864, 68368, 70825, 77642, 77785, 81354, 84098, 90315, 92844, 95386, 95967, 99385, 102237, 106626, 117349, 119022, 122017, 122446, 127762, 132032, 132898, 136238, 139555, 149226, 150854, 156287
850, 23192, 51850, 59876, 59880, 59890, 67048, 70687, 127789, 131565
548, 4302, 5838, 10047, 10313, 15152, 16232, 20855, 21684, 26007, 26636, 28453, 28602, 28782, 38202, 43292, 44365, 44607, 46705, 46916, 47701, 49180, 50967, 54460, 55615, 55766, 56571, 56701, 59879, 63406, 66615, 69817, 80457, 90496, 94019, 97510, 98355, 111728, 114143, 114638, 115490, 115926, 127843, 128559, 130291, 130903, 131022, 136306, 136415, 137160, 141249, 145745, 151366, 152044, 155974
1826, 4889, 5589, 7971, 10370, 11951, 12860, 16816, 18793, 20136, 26155, 27494, 29623, 32544, 33988, 34760, 38978, 44858, 46504, 48147, 48862, 49222, 52773, 53012, 54292, 54361, 57495, 59908, 66265, 68938, 71644, 73987, 75449, 76325, 78186, 82561, 84573, 86874, 87889, 93613, 97700, 111758, 113248, 114149, 114181, 116540, 118344, 118817, 118976, 126367, 126493, 129342, 138060, 143021, 158175
3062, 5898, 8672, 9859, 9989, 10533, 13380, 17727, 19990, 20943, 22375, 26169, 26552, 27830, 30000, 31288, 32452, 32533, 35521, 36262, 40117, 41835, 45349, 45792, 51101, 53390, 55581, 59494, 59875, 61623, 62652, 70831, 70910, 71050, 72798, 77384, 79202, 82378, 82456, 85959, 86418, 87439, 89821, 92508, 99672, 102864, 106322, 115651, 119843, 129467, 139754, 147160, 151347, 155391, 155946
8543, 10998, 12063, 13647, 14341, 14344, 17241, 19133, 19602, 19663, 20299, 20857, 20943, 26349, 28733, 29905, 33345, 34491, 35728, 35748, 35761, 39936, 40700, 45109, 46832, 50862, 51293, 55164, 56664, 58516, 59896, 64116, 65067, 70922, 78963, 81967, 82881, 87637, 91216, 94305, 98256, 106337, 112144, 114239, 122204, 123038, 124052, 134459, 138355, 138515, 140846, 143808, 147562, 149684, 153108
1019, 6616, 12356, 12973, 18379, 18454, 20605, 20651, 21133, 22147, 22220, 27429, 29702, 33686, 34145, 35139, 35731, 40399, 43442, 44322, 46838, 47017, 47495, 48887, 49638, 49711, 51705, 52609, 53523, 59905, 64194, 71506, 74245, 74315, 79156, 80387, 83026, 89149, 94905, 97517, 101229, 101489, 110878, 112800, 114385, 119149, 121942, 126829, 134272, 136808, 142486, 151487, 152209, 154484, 157693
219, 1018, 2556, 2664, 3442, 10528, 11806, 14867, 15775, 16341, 16752, 17637, 20807, 26002, 26395, 30320, 35542, 39829, 42485, 43399, 43489, 44947, 45102, 47991, 49838, 51125, 55895, 59249, 59886, 61456, 64360, 64366, 78839, 82538, 89004, 91618, 96670, 98317, 105242, 117463, 121850, 123747, 126459, 133707, 137718, 138906, 140500, 141567, 142132, 142902, 150629, 152293, 154674, 155692, 158548
1303, 8557, 9107, 11796, 13962, 13970, 14967, 15823, 19903, 20333, 20670, 22081, 23488, 24809, 27106, 31237, 36353, 38372, 40678, 42514, 44287, 45526, 46363, 47090, 50217, 52127, 59894, 61854, 68457, 71933, 80516, 83572, 86013, 88227, 92197, 94993, 95495, 103131, 104153, 113878, 119287, 124060, 126818, 131603, 135636, 140695, 141184, 141995, 142784, 142858, 146286, 146642, 148668, 154454, 157488