81, 287, 346, 435, 587, 619, 808, 885, 899, 942, 985, 1087, 1208, 1288, 1358, 1501, 1579, 1647, 1699, 1711, 1746, 1776, 1971, 2026, 2037, 2110, 2153, 2163, 2170, 2206, 2273, 2285, 2302, 2365, 2453, 2466, 2503, 2527, 2529, 2531, 2657, 2810, 2834, 2839, 2875, 2966, 3154, 3236, 3298, 3344, 3582, 3603, 3656
126, 154, 218, 437, 481, 522, 546, 550, 627, 750, 751, 805, 856, 926, 989, 996, 1006, 1085, 1100, 1186, 1205, 1206, 1232, 1301, 1329, 1434, 1632, 1738, 1766, 1863, 1912, 2097, 2125, 2169, 2195, 2238, 2254, 2299, 2328, 2410, 2412, 2486, 2559, 2600, 2606, 2608, 2616, 2739, 2762, 2773, 2829, 2969, 2995, 3025, 3094, 3095, 3143, 3178, 3497, 3611, 3644, 3679, 3722, 3745
32, 37, 47, 226, 268, 280, 339, 348, 377, 400, 433, 461, 527, 606, 732, 795, 815, 831, 847, 875, 921, 979, 1009, 1025, 1050, 1062, 1064, 1150, 1221, 1233, 1257, 1304, 1312, 1347, 1372, 1386, 1391, 1409, 1487, 1597, 1629, 1687, 1690, 1735, 1748, 1777, 1822, 1845, 1857, 1957, 2011, 2071, 2084, 2087, 2114, 2148, 2186, 2245, 2266, 2367, 2391, 2401, 2429, 2551, 2591, 2665, 2692, 2771, 2782, 2792, 2812, 2843, 2850, 2854, 2948, 2988, 3079, 3091, 3186, 3203, 3282, 3312, 3320, 3325, 3355, 3373, 3405, 3443, 3459, 3489, 3499, 3502, 3625, 3628, 3670, 3719, 3730, 3757
138, 167, 251, 378, 465, 574, 789, 869, 900, 929, 1030, 1068, 1114, 1178, 1282, 1302, 1334, 1374, 1382, 1495, 1497, 1526, 1641, 1702, 1805, 2092, 2133, 2158, 2198, 2204, 2370, 2396, 2439, 2625, 2634, 2778, 2861, 2878, 2896, 3063, 3170, 3222, 3270, 3292, 3356, 3419, 3429, 3441, 3494, 3561, 3639, 3690, 3728
101, 162, 181, 216, 361, 411, 479, 501, 567, 624, 660, 740, 748, 823, 877, 987, 998, 1034, 1038, 1263, 1310, 1523, 1540, 1741, 1774, 1852, 2019, 2036, 2057, 2221, 2226, 2232, 2283, 2294, 2558, 2578, 2637, 2710, 2713, 2766, 3045, 3328, 3341, 3392, 3434, 3513, 3518, 3537, 3562, 3617, 3710, 3727, 3738
62, 148, 242, 269, 306, 335, 503, 715, 779, 802, 852, 976, 1042, 1169, 1463, 1468, 1571, 1782, 1812, 1933, 1949, 2006, 2095, 2236, 2262, 2304, 2331, 2617, 2908, 3038, 3116, 3177, 3234, 3309, 3329, 3445, 3515, 3597, 3622
58, 82, 96, 109, 214, 257, 270, 300, 396, 422, 498, 652, 741, 797, 868, 887, 957, 963, 1000, 1026, 1094, 1113, 1170, 1296, 1360, 1381, 1461, 1707, 1731, 1732, 1749, 1967, 1999, 2067, 2240, 2261, 2265, 2291, 2433, 2569, 2573, 2643, 2656, 2663, 2746, 2826, 2881, 3027, 3037, 3060, 3212, 3221, 3260, 3284, 3357, 3402, 3430, 3446, 3451, 3465, 3475, 3548, 3635, 3705, 3754, 3762, 3768
114, 123, 488, 489, 560, 569, 611, 615, 623, 645, 737, 778, 824, 853, 859, 861, 865, 928, 978, 1251, 1273, 1357, 1361, 1557, 1802, 2079, 2088, 2138, 2403, 2456, 2493, 2517, 2581, 2607, 2619, 2700, 2770, 2780, 2904, 2930, 2962, 3125, 3361, 3433, 3482, 3578, 3583, 3733
42, 51, 92, 164, 203, 206, 293, 395, 416, 418, 474, 549, 552, 650, 697, 720, 728, 742, 771, 927, 1014, 1091, 1107, 1110, 1183, 1201, 1210, 1313, 1332, 1340, 1349, 1359, 1514, 1593, 1645, 1655, 1657, 1697, 1720, 1726, 1779, 1862, 1908, 1913, 1929, 2107, 2117, 2139, 2183, 2214, 2257, 2260, 2303, 2313, 2556, 2769, 2809, 2825, 2833, 2873, 2879, 2991, 3040, 3046, 3053, 3127, 3156, 3231, 3253, 3264, 3272, 3287, 3351, 3456, 3519, 3536, 3553, 3559, 3568, 3694
140, 205, 604, 616, 810, 971, 1080, 1254, 1396, 1796, 1978, 2083, 2165, 2666, 2817, 2882, 3291, 3390, 3541, 3569
63, 120, 234, 366, 499, 547, 566, 594, 640, 700, 708, 870, 956, 1018, 1067, 1149, 1156, 1214, 1267, 1272, 1279, 1350, 1425, 1451, 1528, 1842, 1920, 2000, 2007, 2050, 2075, 2096, 2135, 2168, 2194, 2205, 2413, 2420, 2446, 2525, 2565, 2585, 2626, 2650, 2652, 2695, 2786, 2841, 2940, 3018, 3128, 3145, 3174, 3238, 3296, 3339, 3435, 3437, 3464, 3491, 3522, 3647
169, 331, 388, 759, 811, 955, 1134, 1157, 1430, 1442, 1547, 1608, 1826, 2335, 2436, 2535, 2599, 2642, 2955, 2965, 3087, 3322, 3333, 3447, 3542, 3591, 3621
44, 94, 130, 163, 196, 240, 338, 343, 398, 487, 658, 670, 674, 675, 701, 775, 895, 903, 1012, 1027, 1171, 1185, 1213, 1223, 1554, 1584, 1625, 1638, 1718, 1803, 2023, 2024, 2058, 2099, 2213, 2234, 2352, 2398, 2407, 2473, 2514, 2667, 2720, 2772, 2821, 2905, 2931, 2935, 3006, 3075, 3089, 3107, 3166, 3273, 3615, 3721, 3761
614, 814, 1577, 2477, 2685
186, 1943, 2358, 2757, 3620
266, 614, 1058, 1249, 1371, 1380, 2184, 2348, 2353, 2479, 2893, 3306
31, 158, 210, 390, 391, 451, 551, 575, 601, 654, 655, 782, 893, 936, 951, 964, 1005, 1154, 1191, 1338, 1599, 1693, 2098, 2120, 2216, 2323, 2418, 2471, 2541, 2546, 2575, 2598, 2731, 2824, 2831, 2859, 3054, 3080, 3121, 3167, 3252, 3336, 3376, 3428, 3449, 3623, 3744
161, 191, 225, 298, 304, 354, 359, 407, 514, 524, 534, 553, 656, 724, 855, 881, 886, 958, 966, 1143, 1194, 1196, 1259, 1268, 1285, 1325, 1343, 1378, 1416, 1472, 1485, 1636, 1705, 1708, 1810, 1816, 1833, 1952, 1961, 1969, 1975, 1979, 2029, 2033, 2042, 2104, 2130, 2142, 2166, 2171, 2316, 2364, 2381, 2620, 2635, 2743, 2761, 2883, 2978, 2989, 2990, 2994, 3051, 3093, 3370, 3386, 3511, 3612, 3645, 3731, 3772
74, 131, 227, 336, 477, 598, 680, 695, 821, 841, 922, 965, 984, 1059, 1189, 1246, 1337, 1355, 1470, 1524, 1570, 1573, 1587, 1695, 1930, 1959, 2003, 2063, 2122, 2530, 2603, 2937, 3044, 3274, 3315, 3317, 3400, 3415, 3526, 3545, 3659, 3765
323, 429, 934, 2103, 2777, 2972, 2997, 3062, 3102, 3294, 3362, 3398, 3648
58, 82, 187, 270, 396, 512, 548, 652, 868, 1000, 1026, 1057, 1094, 1138, 1170, 1266, 1581, 1723, 1808, 1847, 1855, 1902, 1946, 1988, 2067, 2224, 2291, 2569, 2573, 2643, 2663, 2822, 2826, 2881, 3112, 3221, 3357, 3402, 3446, 3465, 3512, 3768
53, 100, 195, 235, 289, 405, 455, 561, 739, 832, 914, 932, 950, 1247, 1277, 1457, 1588, 1656, 1685, 2035, 2155, 2191, 2233, 2378, 2549, 2589, 2748, 2853, 3033, 3289, 3609, 3717, 3740
3357, 3402
1157, 1725, 2227, 3117, 3242, 3514
34, 41, 43, 90, 123, 217, 297, 374, 383, 385, 444, 492, 517, 760, 822, 952, 973, 1109, 1159, 1209, 1228, 1428, 1437, 1783, 1935, 1977, 2015, 2039, 2111, 2129, 2246, 2339, 2522, 2615, 2679, 2682, 2874, 2946, 2987, 3151, 3241, 3265, 3564, 3590, 3681, 3685
126, 154, 180, 183, 218, 420, 437, 522, 546, 550, 627, 751, 764, 794, 805, 856, 926, 989, 996, 1006, 1051, 1085, 1199, 1206, 1301, 1329, 1434, 1455, 1460, 1519, 1609, 1632, 1738, 1863, 1894, 1912, 2097, 2125, 2195, 2225, 2238, 2299, 2328, 2388, 2410, 2486, 2559, 2600, 2606, 2706, 2739, 2829, 2969, 2995, 3025, 3095, 3104, 3143, 3178, 3206, 3337, 3425, 3495, 3497, 3532, 3611, 3644, 3666, 3677, 3679, 3722, 3739, 3745, 3769
63, 98, 122, 234, 347, 366, 421, 700, 708, 870, 1018, 1149, 1214, 1275, 1279, 1317, 1425, 1528, 1670, 1694, 1817, 2000, 2007, 2050, 2093, 2413, 2420, 2446, 2626, 2650, 2695, 2786, 2940, 3162, 3238, 3322, 3437, 3491
145, 201, 352, 426, 445, 470, 493, 539, 579, 592, 609, 677, 704, 707, 757, 758, 845, 897, 910, 923, 942, 962, 972, 988, 1017, 1032, 1270, 1323, 1438, 1443, 1503, 1642, 1739, 1750, 1769, 1789, 1835, 1848, 1928, 1984, 2150, 2268, 2277, 2346, 2377, 2417, 2516, 2526, 2539, 2613, 2712, 2733, 2745, 2765, 2837, 2871, 2884, 2900, 2915, 3086, 3092, 3140, 3185, 3188, 3251, 3278, 3308, 3326, 3364, 3385, 3388, 3418, 3462, 3530, 3546, 3557, 3596, 3665, 3669, 3697, 3735, 3741
68, 81, 86, 93, 178, 330, 346, 394, 435, 462, 587, 599, 618, 619, 671, 808, 885, 899, 985, 1013, 1028, 1087, 1208, 1288, 1324, 1327, 1358, 1433, 1501, 1552, 1579, 1647, 1661, 1691, 1699, 1711, 1746, 1787, 1818, 1830, 1945, 1971, 2026, 2037, 2101, 2110, 2163, 2170, 2199, 2206, 2273, 2285, 2302, 2365, 2453, 2466, 2503, 2527, 2529, 2531, 2657, 2737, 2749, 2810, 2834, 2839, 2875, 2903, 3002, 3067, 3097, 3154, 3236, 3298, 3313, 3344, 3363, 3379, 3404, 3418, 3505, 3509, 3563, 3582, 3603, 3656
44, 130, 163, 196, 240, 274, 338, 343, 353, 406, 626, 648, 670, 674, 675, 701, 733, 772, 775, 895, 903, 1027, 1047, 1049, 1082, 1099, 1171, 1185, 1213, 1223, 1283, 1353, 1388, 1471, 1554, 1584, 1625, 1718, 1803, 1888, 2023, 2024, 2058, 2123, 2147, 2213, 2234, 2315, 2352, 2398, 2407, 2426, 2473, 2514, 2704, 2715, 2720, 2821, 2870, 2905, 2936, 2954, 3006, 3049, 3089, 3107, 3183, 3199, 3215, 3225, 3273, 3304, 3396, 3574, 3615, 3695, 3721, 3761
264, 531, 896, 929, 1127, 1231, 1526, 2061, 2158, 2306, 2355, 2625, 2634, 2878, 3042, 3310
1466, 1591, 1633, 2876, 3130, 3165
28, 35, 176, 468, 471, 550, 725, 790, 867, 1055, 1162, 1244, 1417, 1713, 1767, 1866, 2053, 2137, 2256, 2293, 2332, 2373, 2485, 2545, 2550, 2820, 2838, 2913, 3099, 3368, 3407, 3420, 3618, 3619, 3708, 3737
14, 39, 88, 113, 129, 177, 186, 202, 301, 312, 441, 447, 452, 490, 506, 525, 667, 682, 842, 902, 961, 983, 1052, 1111, 1146, 1467, 1486, 1510, 1527, 1610, 1674, 1679, 1740, 1886, 1917, 1921, 2034, 2041, 2143, 2196, 2411, 2501, 2574, 2588, 2680, 2806, 2813, 2856, 2932, 3055, 3056, 3110, 3123, 3189, 3244, 3331, 3469, 3470, 3521, 3588, 3593, 3600, 3650, 3672, 3707
83, 167, 211, 251, 264, 327, 340, 365, 371, 378, 465, 531, 622, 789, 869, 900, 929, 939, 986, 1030, 1068, 1114, 1127, 1172, 1178, 1231, 1243, 1282, 1302, 1334, 1341, 1374, 1382, 1405, 1495, 1497, 1526, 1553, 1564, 1641, 1648, 1650, 1696, 1702, 1805, 1841, 1964, 2061, 2082, 2085, 2092, 2133, 2152, 2158, 2198, 2204, 2306, 2355, 2370, 2383, 2396, 2428, 2439, 2583, 2625, 2634, 2678, 2686, 2778, 2796, 2832, 2861, 2869, 2878, 2896, 2959, 3042, 3063, 3074, 3159, 3170, 3220, 3222, 3267, 3270, 3292, 3310, 3356, 3419, 3429, 3441, 3484, 3494, 3561, 3639, 3690, 3728
126, 183, 245, 420, 481, 546, 805, 856, 989, 996, 1085, 1199, 1205, 1455, 1575, 1873, 1888, 2097, 2299, 2373, 2410, 2486, 2600, 2608, 2739, 2762, 2773, 2995, 3025, 3104, 3143, 3178, 3196, 3497, 3550, 3611, 3644, 3666, 3677, 3739, 3745
87, 142, 143, 146, 170, 224, 230, 260, 309, 324, 351, 368, 480, 635, 709, 754, 819, 916, 1095, 1276, 1284, 1319, 1352, 1354, 1403, 1436, 1439, 1462, 1474, 1555, 1565, 1566, 1617, 1651, 1686, 1788, 1813, 1825, 1827, 1927, 1962, 2027, 2162, 2181, 2212, 2308, 2415, 2451, 2464, 2507, 2513, 2568, 2584, 2596, 2647, 2648, 2714, 2816, 2836, 2846, 2891, 2933, 2938, 2964, 3022, 3024, 3030, 3243, 3301, 3342, 3365, 3523, 3598, 3703
47, 66, 95, 148, 200, 242, 269, 306, 335, 486, 503, 515, 564, 678, 715, 802, 898, 1015, 1019, 1042, 1061, 1075, 1140, 1169, 1256, 1292, 1412, 1445, 1463, 1483, 1703, 1782, 1812, 1828, 1886, 1933, 1949, 1995, 2045, 2203, 2236, 2248, 2262, 2281, 2304, 2331, 2617, 2649, 2696, 2724, 2744, 2908, 2980, 3047, 3103, 3113, 3116, 3142, 3177, 3234, 3274, 3309, 3329, 3340, 3412, 3445, 3473, 3503, 3573, 3597, 3608, 3636, 3662, 3701, 3751
125, 161, 191, 225, 276, 298, 304, 326, 354, 359, 407, 514, 524, 534, 553, 656, 724, 855, 880, 881, 886, 958, 966, 997, 1143, 1175, 1194, 1196, 1253, 1259, 1268, 1285, 1325, 1363, 1378, 1392, 1416, 1472, 1485, 1580, 1636, 1705, 1816, 1833, 1890, 1924, 1952, 1969, 1975, 1979, 2029, 2033, 2042, 2104, 2130, 2142, 2166, 2171, 2316, 2381, 2416, 2497, 2536, 2621, 2624, 2635, 2743, 2761, 2851, 2883, 2906, 2978, 2989, 2990, 2994, 3051, 3083, 3093, 3120, 3164, 3311, 3319, 3370, 3386, 3511, 3612, 3645, 3731, 3772
53, 100, 156, 195, 235, 246, 285, 405, 577, 864, 914, 1182, 1518, 1656, 1773, 1937, 2378, 2489, 2589, 2636, 2675, 2694, 2847, 2862, 2894, 2982, 3016, 3033, 3235, 3289, 3349, 3423, 3609, 3717