19603, 34269, 39593, 42179, 48191, 51448, 59914, 70600, 75182, 89800, 103198, 109899
20022, 28602, 43595, 45020, 50187, 53972, 59895, 68199, 73209, 111446, 127167, 131622
13801, 59893, 120499
850, 23192, 51850, 59876, 59880, 59890, 67048, 70687, 127789, 131565
9278, 33620, 40774, 59883, 59900, 59910, 103831, 113932, 122805, 128295, 133963, 134404
8400, 9367, 20247, 27265, 34689, 56365, 59884, 64065, 112437, 128253, 140653, 150036
30221, 31078, 50812, 59877, 59889, 59895, 61598, 107869, 122428, 124405, 135008, 138679
1022, 15506, 40638, 51148, 55551, 58341, 59882, 88136, 95743, 102694, 131928, 135261
28525, 59875, 59907, 59915, 62759, 78715, 88517, 100526, 102260, 126837, 135435, 149299
7674, 19723, 34539, 36232, 38937, 39055, 59917, 73258, 115204, 120534, 123604, 134948
19775, 28602, 33467, 35542, 38331, 38639, 59881, 64537, 78159, 113874, 127498, 147469
1117, 14624, 19009, 21354, 21672, 52790, 59876, 66667, 93268, 102734, 124392, 131133
1022, 4873, 6968, 8557, 49540, 52790, 59901, 93421, 107265, 107653, 120915, 151867
18454, 22791, 29468, 42866, 44268, 48720, 59904, 66575, 78453, 83993, 123610, 136935
4445, 10533, 16119, 17541, 27992, 35987, 55581, 59915, 149069, 153055, 154117, 159012
1433, 1839, 3256, 3659, 4014, 4638, 4927, 8661, 13970, 14017, 16287, 59899
4118, 16246, 17014, 20289, 41940, 50772, 59910, 71731, 71872, 121166, 138129, 149195
711, 1951, 19476, 20259, 42190, 45020, 59885, 70882, 74953, 94227, 113778, 153814
12356, 12973, 18379, 18454, 20605, 20651, 22220, 27429, 29702, 44322, 47017, 59905
1517, 4231, 22282, 22862, 40436, 48661, 59906, 68368, 70825, 84098, 99385, 136238
5336, 7700, 14943, 17979, 23076, 39080, 59912, 60232, 89057, 95537, 145674, 158587
4169, 11834, 24189, 42293, 45435, 46336, 59911, 71451, 73966, 84873, 118218, 143353
10533, 15968, 27818, 29544, 40693, 48147, 59892, 73416, 90973, 104583, 127212, 147492
1386, 17586, 26349, 29428, 29737, 44534, 59913, 64084, 97873, 138082, 146008, 155056
1748, 9544, 22919, 40491, 46958, 49414, 59918, 73969, 87084, 110594, 132454, 156253
824, 8262, 20209, 22791, 37841, 41663, 49603, 56625, 59887, 83773, 133121, 156415
8595, 18637, 26193, 48761, 53487, 53949, 59909, 65134, 113135, 129242, 144531, 148874
4302, 10313, 26636, 28602, 38202, 44607, 59879, 90496, 114143, 137160, 145745, 151366
13059, 24765, 36256, 43405, 43535, 56796, 59898, 78347, 91201, 126852, 156199, 156755
10055, 21319, 27758, 29379, 35178, 36899, 59891, 67489, 71665, 113282, 121040, 137985
8672, 9859, 10533, 20943, 27830, 55581, 59875, 61623, 62652, 79202, 85959, 115651
219, 1018, 17637, 35542, 42485, 51125, 59886, 61456, 64360, 78839, 82538, 105242
3440, 4523, 4849, 5838, 6305, 6319, 6620, 7384, 7710, 8826, 10281, 59888
6875, 12875, 23910, 34919, 35486, 50331, 59883, 70919, 82262, 108891, 133487, 141477
8557, 13962, 14967, 27106, 36353, 50217, 59894, 94993, 119287, 135636, 148668, 157488
4889, 7971, 20136, 34760, 48147, 54292, 59908, 82561, 114181, 126367, 129342, 158175
1032, 9081, 19227, 35445, 53487, 54431, 59889, 101477, 115314, 130561, 136915, 154504
4118, 10167, 12063, 13096, 44731, 51900, 59916, 83182, 108254, 114787, 118460, 128606
5718, 8521, 31308, 32334, 47428, 55571, 59902, 63718, 88169, 105848, 140755, 156557
12063, 19663, 20857, 20943, 26349, 33345, 51293, 55164, 58516, 59896, 65067, 134459
478, 4939, 11111, 18546, 46314, 56492, 59880, 94304, 97317, 108648, 109682, 145568
361, 15594, 27304, 45028, 52565, 58813, 59878, 96394, 99949, 116629, 146601, 158369
27319, 29737, 34919, 39230, 41310, 43940, 53367, 57179, 58667, 59897, 91268, 133754
14223, 29572, 34050, 43940, 49426, 58823, 59903, 70147, 111176, 141233, 151919, 152792