316, 1062, 1951, 2933, 3781
2096, 5763, 6359, 6589
910, 2371, 3358, 3828, 4529
2237, 5258, 6320, 6321, 6322, 6530
1346, 2391, 5532, 6410
1384, 3096, 3146, 3290, 4911
601, 1193, 2854, 4779, 5861
703, 1103, 1901, 3007, 3028, 4951, 5394
434, 1503, 5507, 5867
926, 3199, 5146, 6597
879, 1279, 1830, 3505, 4709, 5794, 6466, 6765
709, 729, 1781, 2531, 3556, 4411, 4710, 5564, 5640, 6184
482, 645, 1648, 3057, 3197, 3826, 5286, 6042
1740, 2294, 3345, 4886, 4989, 5338, 5594, 5633, 5864
1482, 2562, 3693, 4742, 4812, 4948, 4949, 4950, 6315
584, 1574, 1853, 2680, 3114, 4453, 5795, 6655
378, 1153, 1587, 1913, 2563, 3958, 4308, 4444, 4621, 5838
361, 988, 1360, 3078, 3221, 3302, 3819, 4128, 4859, 5320, 5839, 6041
729, 1781, 2531, 3556, 4411, 4710, 5564, 5640, 6184
670, 842, 1368, 3017, 3383, 4233, 4532, 5027, 6011
2527, 3762, 4415, 5120
315, 1753, 4220, 6523
1809, 3276, 3451, 5409
797, 1866, 3139, 4057, 5335, 6744, 6389, 531, 439, 2629, 6285, 390, 2823, 6627
858, 1675, 3243, 4814, 5779, 1148, 2334, 2039, 1176, 1661, 2617
3770, 4791, 5155
1295, 1607, 3537
1993, 4943, 5134
104, 225, 1224, 2116, 4648
643, 4588, 5709, 6214
504, 2995, 5673, 6751
2125, 5332, 6280
3115, 3321, 3504, 6336, 6448
223, 1463, 2283, 2955
566, 2364, 6693
342, 5424, 5776, 5944, 6442
737, 4813, 4957, 4958
2233, 2941, 3758
3155, 3551, 3961, 6767
144, 471, 4393, 4677
1382, 1441, 1442, 1545, 1582, 1583, 1585, 1657, 1658, 3066, 6879, 6895, 3344, 1324, 6894, 1412, 672, 226, 5387, 2288, 5713
1422, 1590, 1611, 1701, 2113, 2915, 3035, 3690, 4177, 4288, 5070, 6733, 1759, 3806, 1646, 1939
1422, 1590, 1611, 1701, 2113, 2915, 3035, 3806, 4177, 5070, 6678, 6733, 1759, 1939
1009, 1333, 2426, 3485, 3783, 4125, 4353, 4644, 5023, 5463, 6332, 6775
3130, 3701, 4634, 4646, 4802, 5126, 5176, 5274, 5422, 5472, 6483, 6552
2267, 3130, 3406, 3701, 4634, 4802, 5126, 5176, 5274, 5422, 5472, 6552, 6483
451, 757, 1303, 1373, 1557, 1881, 1916, 2767, 3791, 4049, 5062, 6243
1590, 1611, 1701, 1759, 1939, 2113, 2915, 3035, 3690, 3806, 5070, 6678, 1422, 1646, 4288, 6733
451, 757, 1373, 1557, 1881, 1916, 2767, 3791, 4049, 5062, 6243
381, 1641, 1919, 1994, 2205, 3867, 4161, 4501, 4865, 5184, 5475, 5696, 6244, 4915
566, 1598, 2364, 6693, 1420, 6903, 1597, 6872, 6905, 6904, 6873
1566, 2778, 4530, 4728
2751, 4134, 5077, 6088
615, 770, 2091, 2438, 5499, 6539, 2844, 4897, 6078, 6625, 1112, 3899, 1094
1440, 1991, 2045, 3488, 4793
731, 1035, 1666, 2246, 4708
1155, 2354, 2407, 5060
3414, 3657, 5379, 6510
621, 932, 1854, 4354, 5099, 6414
575, 576, 3765, 4926
538, 1269, 1594, 4917, 5152
38, 182, 4162, 4871, 4872
88, 287, 1084, 1284
2940, 3905, 4851, 5679
1450, 2498, 5856, 5973, 4612, 307
749, 2147, 2154, 4050, 5520
3184, 3257, 6885, 6919
407, 726, 727, 1014, 1647, 5897
478, 1347, 2682, 4841, 5733, 6220
203, 1064, 3059, 6435
3460, 4437, 4556, 5430, 5824
2598, 3834, 3842, 4460, 6469
2248, 2526, 2847, 3151, 3915, 5173
763, 944, 3036, 5655, 6114, 6311, 6707
433, 711, 1250, 2758, 5101, 5388, 6352
262, 640, 1784, 2164, 2360, 3101, 3772, 4339, 4658, 5771, 6100
1182, 1326, 1944, 2139, 2247, 5276, 5437, 5692, 5852, 5996, 6079, 6674
3521, 4549, 5104, 5321, 5562
1415, 1416, 1417, 1418, 3786
1413, 1414, 2924, 4297, 4891
4388, 4389, 4778, 4993, 4994, 4995, 4996, 5256, 5287, 5386, 6328
424, 739, 909, 3467, 4274, 4596, 4873, 5188, 5478, 6040, 6067, 6381
514, 3990, 3991, 4036, 4594, 4638, 4818, 5225, 6217, 6218
1087, 4388, 4389, 4697, 4778, 4993, 4994, 4996, 5256, 5287, 5386, 6328
32, 88, 287, 332, 1084, 1284, 2660, 3264, 3713, 5124, 5716
218, 289, 1730, 1943, 2513, 2528, 5233, 5819, 6489, 6705
2020, 2208, 2237, 5258, 5326, 6320, 6321, 6322, 6530
1063, 1526, 1804, 2141, 2142, 3341, 6748, 6798, 6826, 6829, 6830, 6851
169, 327, 1411, 1510, 1512, 1909, 2122, 3477, 3478, 4143
1087, 4388, 4697, 4778, 4993, 4994, 4995, 4996, 5256, 5287, 5386, 6328, 4693, 1088
529, 672, 712, 713, 1241, 3542, 4815, 3344, 1658, 735, 2736, 5974, 5025, 4124, 6738, 2957, 613, 2050
806, 1962, 3103, 4346, 5301, 5492, 5577, 1294, 1698, 633, 3429, 2274
699, 1409, 3510, 4623, 4624, 5291, 5542, 6295, 6631, 4180, 3292
152, 852, 855, 2719, 2816, 5429, 5934, 854, 1683
24, 391, 975, 1005, 1203, 1846
1021, 2174, 2175, 4980, 5662, 6925
604, 1081, 2177, 2286, 2662, 3179
2387, 2720, 3952, 4287, 4626, 4627, 4628
286, 876, 2190, 2241, 2777, 3532, 4961, 123, 5453, 4930, 4566, 4711, 5487, 3577, 4905
943, 944, 3611, 5655, 6114, 6271, 6439, 6707
180, 192, 257, 830, 1349, 1350, 2468, 2830, 3031, 5657, 6225, 6481, 1355, 1351, 3987, 1693, 2919, 2614, 3498, 4216, 3829
751, 1243, 1448, 2053, 2731, 2732, 2733, 2734, 4941, 5547, 6614, 6836, 6918, 1620, 1339, 5761, 4204, 5093, 3820, 1397, 6374
1243, 1339, 1397, 1620, 2053, 2733, 2734, 4204, 4941, 5093, 5547, 6918, 6836, 6614, 6374, 2732, 2731
168, 362, 858, 1135, 1148, 1222, 1451, 2334, 2617, 3596, 4212, 6460, 6150, 2939, 5224, 1675, 2039
573, 781, 1268, 1292, 1920, 2249, 2657, 3520, 3566, 3757, 4019, 4115, 4279, 1266, 5724, 6105, 1274, 1946, 5892, 6223, 2543, 2306
193, 1057, 1123, 1559, 1560, 1628, 2417, 3061, 3062, 3063, 3998, 3999, 5333
125, 414, 917, 1588, 1726, 2127, 2469, 2695, 2843, 4142, 5020, 6094, 5793, 3029, 5505
193, 1057, 1123, 1559, 1560, 2417, 3061, 3062, 3063, 3998, 3999, 5333, 1736, 1628, 4131, 4515, 1595
2440, 2874, 3013, 3949, 4269, 4408, 4446, 4963, 5030, 6372, 6600, 6650, 545, 1253, 5245, 6585, 6335, 2697
294, 1075, 1445, 1446, 1447, 3053, 3283, 3797, 4319, 5661, 6177, 6637, 5128, 365, 2710
246, 420, 3056, 3743, 3993, 4558, 5112, 5163
636, 2451, 3049, 3089, 4101, 5693, 6062
1936, 2356, 3422, 3718, 3902, 3903, 4173, 6572, 5058, 835, 3989, 5277
567, 931, 1236, 1237, 1240, 2569, 2931, 5522
236, 342, 844, 1676, 2613, 3276, 3451, 3585, 5409
36, 932, 1854, 1855, 3366, 3889, 4001, 4354, 6250, 6384
1405, 3330, 3742, 4292, 5195, 6227, 6431
709, 2531, 3556, 4411, 4710, 5564, 6184
185, 764, 2722, 3838, 5050, 5855, 6213, 6462
661, 817, 1131, 1528, 2595, 5091, 5285, 6419, 3132, 665, 2735, 4631, 4883, 660
132, 260, 393, 2985, 4027, 4962, 5760, 6137, 6649
14, 495, 804, 952, 1737, 2220, 4971, 5710, 6724
378, 1153, 1587, 2563, 3958, 4308, 4444, 4621, 5838
38, 182, 183, 646, 707, 4162, 4871, 4872, 6447
249, 2960, 2961, 4440, 4715, 4974, 4975, 4976
1848, 2256, 2257, 3434, 4013, 4014, 5081, 5082, 3161, 3613, 5438, 2399, 818
244, 684, 1277, 1593, 3687, 4772, 4803, 6762
1078, 2203, 2484, 4136, 4542, 5071, 5644
278, 279, 280, 1550, 3043, 3683, 3727, 4551
1757, 1965, 2602, 2603, 2868, 4559, 4959, 6027
2195, 5796, 6002, 6664
984, 1918, 2338, 3716
1251, 2238, 2286, 3263, 4683, 6113
530, 1176, 4098, 5441, 6219, 1148, 2617, 2039
2222, 2404, 5140, 5347
1083, 1860, 5158, 5565
293, 3331, 4243, 6901
1320, 2315, 3501, 4079
2707, 2752, 3024, 3289
539, 796, 907, 5880
699, 1409, 4180, 4623, 4624, 5291, 5691, 6631
3439, 3742, 3887, 3919, 4237, 5195
1169, 3594, 4700, 4945, 4946, 5108, 5107, 4283, 3593, 5519, 2688, 4282, 3531
153, 408, 1014, 1039, 3136, 5897
636, 1886, 2451, 3049, 3089, 3324, 4101, 4428, 6062
169, 327, 1411, 1909, 3477, 4143
41, 329, 995, 2699, 2742, 3309
939, 1508, 4907, 6790
877, 1606, 2059, 2314, 3120, 3322, 3329, 4765, 6207, 6680, 2058, 2412, 5261, 2414, 756, 3726, 1102, 1498
106, 233, 905, 2352, 2582, 6228, 6281, 3855, 6584, 5954, 3854, 3448, 679, 3454, 3947
865, 1256, 1799, 2056, 2347, 2350, 2351, 3790, 3873, 4504, 5262, 5264, 447, 1800, 2182, 5421, 2907, 5584, 2980, 3118, 6005
477, 1190, 1486, 1490, 1723, 2290, 2367, 3242, 3906, 3941, 4351, 5836, 6253, 4647, 4024
356, 650, 1700, 1984, 2330, 2763, 3734, 3849, 4219, 5972, 6797, 6866, 3735, 2529, 4690, 2668, 4124
46, 1337, 2544, 3125, 3281, 3459, 3515, 3603, 4264, 4586, 6004, 6216, 3696, 3584, 6167
340, 346, 629, 1276, 1558, 2185, 4166, 4286, 5014, 5931, 6245, 6509, 4988, 5019, 4615, 5963, 85, 5509, 2215, 1301
1318, 1319, 1624, 1625, 1825, 2006, 2401, 3019, 3020, 4052, 5244, 6368, 2008, 382, 142, 70, 68, 67, 2486, 2172
1812, 2357, 2470, 2471, 2524, 2525, 2642, 3493, 3719, 5165, 5174, 6737, 5544, 2396
85, 340, 346, 629, 1276, 1558, 2185, 4166, 5014, 5931, 6245, 6509, 3092, 2215, 4988, 4286, 5509, 2781
535, 978, 1775, 3206, 3236, 3237, 3457, 4259, 4870, 6308, 6337, 6390, 5602, 1, 5185, 3495, 313, 3979
226, 672, 1324, 1441, 1582, 1585, 1657, 1658, 2288, 3066, 5387, 5713, 3344, 6895, 1241, 712, 1412, 713, 529, 6879
4483, 5738, 6037, 6038
1838, 2037, 2152, 6623
3685, 4407, 4809, 5411
171, 348, 971, 1058
873, 1754, 4336, 5148
1747, 2070, 6007, 6475
3382, 4093, 4256, 4303, 6009
799, 1275, 1408, 1751, 5157, 6024, 6465
1711, 1758, 2798, 6856
2746, 4639, 6179
2500, 3680, 5048, 6161, 6735
1725, 3884, 3982, 3996, 5479
242, 1467, 2788, 5808
103, 2245, 4127, 4777
934, 2992, 5011, 6290
597, 1493, 2254, 5490
1050, 3191, 3192, 4063
1725, 3884, 3982, 3996, 4375, 5479
704, 1052, 1980, 6093
428, 1281, 2833, 3471, 4519, 6313
776, 1720, 2038, 3491, 3598, 5304, 5635, 6593
1610, 3893, 4197, 4201, 4250, 4396, 4538
3266, 3267, 3268, 3269, 3270, 6580, 6581, 6607
485, 2252, 5084, 5675, 6144, 6288
3834, 3842, 3896, 5367, 6029, 6092, 6318, 4459, 4550, 5032, 2598
409, 2693, 3755, 4541, 4933, 5214, 6558
48, 622, 2792, 5919, 6208, 6434, 6781
315, 914, 1989, 4220, 4234, 4924, 5645, 6523
63, 1334, 1388, 1392, 2373, 4367, 4622, 5358
505, 906, 4181, 4289, 4731, 5044
1485, 3699, 3815, 4129, 4284, 4398, 4403, 6726
111, 309, 694, 937, 1003, 2134, 5269, 5587, 6695, 5466
551, 942, 1119, 1199, 4825, 4826, 5130
869, 1608, 3600, 3782, 4113, 5299, 5582, 6704
2239, 2305, 2965, 2993, 4133, 4469, 5284
160, 1173, 1221, 3295, 5118, 5272, 5273
1813, 2948, 3239, 3825, 4493, 5551, 6643, 6837
278, 279, 280, 1550, 3043, 3683, 3727, 4175, 4551, 5986
35, 2511, 4102, 4343, 5125, 5799, 6099, 6777
677, 742, 1013, 1513, 2663, 3012, 5493, 5494, 5943, 6023
888, 1813, 2812, 2948, 3239, 3825, 4493, 5069, 5551, 6643, 6837
740, 1056, 1154, 1345, 1379, 2122, 2679, 4040, 4671, 4685, 4843, 5942
1405, 2138, 2659, 3330, 3439, 3741, 3742, 3785, 4292, 5195, 6227, 6431
147, 1321, 1670, 2478, 2759, 2916, 3771, 4302, 4719, 4789, 6540
440, 441, 488, 747, 3800, 4270, 6387, 6457
254, 1036, 1340, 1619, 2400, 2672, 2673, 3920, 5207, 5360, 5663
236, 342, 844, 1676, 2010, 2613, 3276, 3451, 3585, 4725, 5409, 6442
567, 931, 1236, 1237, 1240, 2569, 2931, 3729, 3930, 5522, 6839
1364, 2209, 2951, 3764, 4138, 5440, 5729, 6203, 6379
678, 939, 2546, 2902, 3779, 4907, 5280, 5282, 6790, 6791
325, 2583, 2644, 4239, 4928, 5226, 5254, 5556, 5834, 6579, 6583, 2954, 1484, 6698, 3548
8, 993, 2845, 3033, 3489, 4254
764, 2108, 3838, 5050, 5855, 6213, 6462
301, 814, 1520, 2221, 3614, 5558, 6681, 6709
731, 2914, 3182, 4084, 4409, 4500, 4708
16, 1745, 3882, 4065, 4533, 4729, 5181, 5275, 5343, 6123, 6504
941, 1614, 2482, 4265, 4659, 4942, 5196, 5349, 5998
2332, 4481, 5420, 5872, 6154, 6456
537, 840, 1687, 1974, 2343, 2628, 4496, 4716, 5404, 5837
1516, 2080, 2381, 4663, 4997, 5242, 5573, 6547, 3630, 2557, 4420, 3722, 5038, 3984, 3388, 1525, 6270
733, 1288, 3769, 6869, 6877, 6902, 6913, 6857, 6917, 6882
22, 57, 2388, 2971, 3463, 4378, 4847, 112, 2856, 2068, 4936
835, 1936, 3422, 3718, 3902, 3903, 3989, 5057, 5058, 5277, 6415
2105, 2250, 2802, 2862, 3533, 4889, 5073, 5425, 3235, 654
377, 706, 3134, 3288, 3534, 4525, 4741, 6212, 6191, 5313, 6402, 6391, 4527, 419, 6232, 6401, 5312, 4523
190, 227, 439, 750, 1328, 2737, 2886, 3187, 4123, 4215, 5237, 6472, 6627, 4057, 1270, 6389, 1741, 6757, 5110, 531, 6285, 748
142, 198, 2341, 3020, 3142, 3251, 3974, 4702, 4704, 4884, 5323, 6604, 1825, 4052, 3574, 5034, 1319, 2875, 3837, 1771, 3475, 857, 1624, 3253, 1851, 1625, 637, 2453, 2486
141, 2453, 3251, 3252, 3253, 3254, 3574, 3837, 4702, 5034, 6604, 142
65, 3900, 4366, 6793
420, 2597, 3743, 4558, 5112, 5163, 5270
1136, 2478, 4302, 4719, 4789, 6540
314, 5546, 5818, 6392, 4126, 1929, 489
5114, 5201, 5398, 5680
1321, 1670, 2759, 2916, 4719, 4789, 3771, 2478
2882, 3911, 4417, 6434
1169, 3594, 4945, 4946, 5519, 3593, 2688, 4283, 3531, 5108
895, 2186, 3512, 4768, 5192, 3365, 3624, 387, 525, 241, 170, 4425, 4412
527, 3679, 4462, 4463
802, 1605, 6436, 4052, 2172, 6283
1932, 3204, 4295, 4616
945, 946, 1063, 1213, 1600, 2141, 2142, 3081, 3082, 6742, 6806, 6851, 6752, 6833, 6798, 6831
1213, 1600, 2242, 2243, 3081, 3082, 3152, 6742, 6752, 6806, 6831, 6833
397, 845, 860, 1122, 1127, 1178, 1370, 1969, 3436, 4713, 4947, 6487
945, 946, 1063, 1213, 1600, 2242, 2243, 3081, 3082, 3152, 6742, 6806
204, 951, 1424, 4155, 4331, 4360, 4473, 4557, 4664, 4839, 5365, 6536, 4419, 1479, 4808
1009, 1333, 2067, 2426, 3485, 3783, 4353, 4644, 5023, 5463, 6332, 6775, 4125
875, 940, 1186, 1314, 1988, 3881, 4070, 4187, 4514, 4795, 6316, 6353
2267, 3130, 3406, 3701, 5126, 5176, 5274, 5472, 5727, 6028, 6483, 6552, 5422, 4802
2267, 3130, 3406, 3701, 5126, 5176, 5274, 5422, 5472, 5727, 6028, 6552, 6483, 4802, 4646
938, 1016, 1399, 1949, 1950, 2165, 3044, 3045, 3046, 3323, 5229, 5341
443, 472, 2213, 2849, 2881, 3095, 3746, 4096, 4357, 5448, 6551, 6641
455, 1671, 2085, 2318, 3724, 3908, 4020, 4224, 4592, 5930, 6696, 6745, 5649, 3692
45, 376, 1679, 1763, 2413, 2424, 2495, 3129, 3922, 4182, 6326, 6785
138, 1028, 1685, 1933, 2132, 2133, 2218, 2310, 2361, 3619, 4203, 4655, 5355, 5878, 5859, 1020, 4987, 3188, 5354, 702, 2309, 5876, 2278, 5877, 5875
1200, 1827, 3455, 3839, 4135, 4441, 4866, 5009, 5049, 5220, 6185, 6608, 5418
181, 367, 674, 1156, 2848, 2892, 2895, 3405, 3549, 4103, 5109, 5712, 3620, 6578, 2448
141, 637, 2341, 2875, 3252, 3253, 3254, 3574, 3837, 4702, 5034, 6604, 3251, 2453, 142, 857, 3475, 3974, 4704, 3142, 4884, 1771, 2051, 198
190, 295, 390, 439, 531, 1741, 4057, 6285, 6305, 6389, 6627, 6744, 6472, 750, 797, 2629, 6757, 3139, 5237
403, 1132, 1247, 1562, 2547, 2925, 3878, 3879, 4394, 5588, 5870, 6157, 4183, 4048, 4202
390, 439, 531, 797, 2629, 2823, 3139, 4057, 6285, 6389, 6627, 6744, 6305, 295, 1866, 6757
892, 3047, 4834, 6568
1564, 4604, 6338, 6339
1074, 2960, 3274, 4715, 4976
583, 2838, 3544, 5003
248, 4245, 4246, 5467, 5468
2499, 3380, 4165, 5949
3569, 4964, 6070, 6706
1030, 3484, 5585, 5887
1457, 3201, 3844, 4548, 6275
229, 3517, 4377, 5497
109, 626, 1002, 1480, 4041, 5322, 5952, 305, 6420, 3554, 605, 6147, 6051
1525, 2557, 4420, 4757, 5242, 5252, 5854, 3722, 4334, 1518, 4663
1940, 3645, 4441, 4866, 5009, 5418, 5601, 5613, 1200, 4135, 6499, 5306, 6185, 6608, 3839, 5049
1200, 3645, 3839, 4135, 4441, 4866, 5009, 5049, 5306, 5418, 5601, 6499, 1827, 6185, 5613
16, 1745, 3882, 4065, 4533, 4729, 5181, 5275, 5343, 6123, 6504, 6787
644, 1751, 4691, 4831, 5157, 6465, 3635, 799
453, 1586, 2187, 2790, 3291, 4304, 4423, 5947, 6491
6862, 6882, 6883, 6899, 6913, 6922, 1288, 766, 6902, 6921, 6857, 6917, 798
1200, 1827, 3645, 3839, 4135, 4441, 5009, 5049, 5220, 5601, 6185, 6608, 3455, 1940, 5613, 6499, 4866, 5306, 5418
9, 1807, 2271, 2870, 3083, 4516, 4535, 5147, 5772, 3954, 5778, 4214, 935, 1752, 1808, 3172, 4820, 3233
699, 1409, 1694, 3292, 3510, 4180, 4623, 4624, 5291, 5542, 6295, 6631
399, 767, 3336, 3337, 3464, 3836, 4184, 4874, 5428, 5501, 5817, 6749
652, 724, 1097, 1897, 2228, 3394, 3395, 3605, 3807, 3981, 4977, 5289, 1500, 4598, 2202, 2207, 6375
399, 767, 1239, 3149, 3836, 4034, 4874, 5428, 5452, 5817, 6521, 6749, 5501, 4184
110, 236, 342, 844, 1676, 2010, 2260, 3276, 3451, 3585, 4725, 5409
465, 2052, 2054, 3994, 4226, 5028, 5029, 6130, 6131, 6132, 6133, 6134, 2057
325, 2583, 2644, 3548, 4239, 4928, 5226, 5254, 5556, 5834, 6579, 6583, 2954, 4311, 6698, 2584, 2023
9, 1807, 2271, 2870, 3083, 4214, 4516, 4535, 4820, 5147, 5485, 5778, 5772, 3954, 935, 2549
1120, 2393, 2403, 3821, 4424, 4618, 4721, 5356, 6178, 6181, 6587, 6657
108, 517, 777, 1708, 4045, 4732, 5039, 5357, 5484, 5651, 5777
768, 2120, 2231, 3121, 3732, 5015, 6050
106, 233, 679, 2485, 2582, 3854, 3855, 3924, 4611, 5954, 6281
1991, 2045, 2904, 3200, 3488, 4380, 5503, 6206, 6493, 5160, 4793
394, 395, 2512, 3674, 4513, 5751, 6503
878, 2093, 2716, 3678, 4837, 5324, 5350, 5385, 5971, 6776
1166, 2962, 3461, 3470, 4017, 5149, 2712
94, 2815, 3582, 3875, 4667, 5135, 5566, 6452
93, 1731, 1760, 2323, 3492, 3497, 4823, 6761, 301, 4361, 42, 6709, 5558, 1917, 2221
1289, 1875, 2179, 2406, 4892, 5559, 6112, 6717, 581, 1290, 4114, 580, 15
453, 1663, 2765, 2790, 3291, 3376, 4304, 4423, 4967, 5213, 6491, 6795
227, 748, 750, 1270, 1328, 2737, 2886, 3187, 4123, 4215, 5237, 6472, 390
324, 714, 2831, 5405, 5406, 5407, 5408, 5688, 6146, 6249, 6251
1289, 1875, 1906, 2179, 2406, 4892, 5559, 6112, 6717, 1291, 5994, 4114, 6016, 1290
1192, 1912, 2825, 3400, 4335, 6874, 6915, 6891, 2984
687, 1981, 3821, 4424, 4721, 5356, 6181, 6587, 2393, 6657
452, 1516, 1518, 1525, 2080, 2191, 2381, 4663, 4997, 5242, 5573, 6547, 3630, 5854, 5038, 3355
324, 714, 2507, 2831, 5405, 5406, 5407, 5408, 5688, 6146, 6249, 6251
2393, 2403, 3821, 4424, 4618, 4721, 5356, 6178, 6181, 6587, 6657
12, 209, 460, 1686, 2217, 2279, 3093, 3278, 3363, 3476, 4267, 5960
1576, 3052, 3904, 4108
125, 414, 1726, 2127, 2695, 2842, 2843, 3029, 4142, 5020, 6094, 6884, 5793, 202
700, 1739, 2004, 2689, 3157, 3334, 3612, 4780, 5543, 6293, 6294, 6296, 6292, 2650, 6297, 1822
1137, 1160, 1353, 1437, 1438, 2539, 2808, 3247, 3494, 4371, 4372, 6451, 2206, 4869, 1306, 1776
700, 1739, 2004, 2650, 2689, 3334, 3612, 6292, 6293, 6294, 6296, 6297, 4780, 3157, 5543
447, 2182, 2980, 3074, 3118, 3810, 4309, 4502, 4504, 5541, 5584, 6455, 5138, 2350, 5421, 5262, 2907, 5904, 4450, 2347, 5342, 1256
911, 912, 1019, 1196, 1197, 1259, 4459, 4550, 4816, 5032, 5145, 5377, 2121, 3822, 6729, 5383
493, 1606, 2059, 2412, 2414, 2581, 3039, 3120, 3189, 3329, 6017, 6680, 2058, 1102, 5263, 6258, 5881, 6207, 2349, 760, 756, 1258, 3726, 5261, 6257, 2348, 2913, 2073, 1498, 2057, 3784, 1782
858, 1148, 1176, 1661, 1675, 2039, 2334, 2617, 3243, 4814, 5224, 5779, 6150, 6319, 4567, 3868
673, 807, 885, 908, 1077, 1691, 2065, 2272, 2977, 4610, 6333, 6565, 1791, 2929, 1342, 1892, 5560, 4192, 1926, 4752, 5190, 1542
1800, 2350, 2980, 3118, 4309, 4502, 4504, 5262, 5342, 5541, 5584, 5632, 3873, 6455, 2351, 2347, 5264, 447, 2056, 5138
596, 824, 1861, 2480, 2514, 3222, 3649, 3874, 4461, 4649, 5474, 5528, 5993, 2015, 6590, 1768, 3255
319, 1024, 2317, 2538, 3023, 3804, 3860, 3864, 4273, 5187, 6554, 6773, 3946, 2903, 4100, 3519
79, 371, 1070, 2155, 2612, 3314, 4160, 4325, 4614, 4688, 5298, 6592, 6221, 1462, 5521, 625, 2041, 5223, 5882, 3654, 1434, 1010, 4296, 1146, 4376, 58, 3058, 2167, 5810, 4137, 958
1256, 1799, 2056, 2347, 2350, 2351, 3790, 3873, 5138, 5262, 5264, 5584, 5421, 3118, 5541, 865, 3074, 991, 4502, 1800
365, 1075, 1386, 2075, 3283, 3797, 3848, 3965, 4319, 5661, 6176, 6177, 5128, 3328, 4151, 1446, 6722, 6637, 1519, 2467, 1445, 4329, 1447
596, 1861, 2015, 2480, 3649, 4461, 4649, 5474, 5528, 5927, 5993, 6008, 3222, 3874, 824
310, 1105, 1444, 2517, 4523, 4524, 4525, 4526, 4527, 6231, 6232, 6391, 6402, 4741, 6535, 6212
98, 1252, 1262, 1523, 3966, 4553, 4563, 4848, 5086, 5376, 5538, 6156, 6911, 3516, 2509
1382, 1412, 1441, 1442, 1545, 1583, 1585, 3344, 6879, 6880, 6894, 6895, 3066, 1657, 1658
901, 1069, 1165, 1210, 1286, 1975, 2877, 3623, 3721, 3897, 4206, 6165, 3180, 5482, 4211
1008, 2806, 4593, 4681, 4940, 6766
197, 1053, 1395, 1798, 1957, 3186, 3543, 4662, 5933, 6173
278, 279, 280, 1550, 3043, 3683, 3727, 4175, 5986
2936, 3558, 3986, 4015, 4043, 4337, 4397, 6045, 6141, 6656, 6670
110, 236, 844, 1676, 2010, 2260, 3451, 3585, 4725, 5409
224, 467, 476, 761, 990, 1915, 1992, 3016, 4850, 5481, 6246, 6618
353, 537, 840, 1642, 1687, 1974, 2343, 2628, 4496, 4716, 5404, 5837, 2101
1516, 1518, 1525, 2191, 2557, 3271, 3355, 4420, 4757, 5242, 5252, 5854, 452, 6270, 2381, 5797, 2080, 3963
361, 988, 1360, 3302, 3819, 4128, 4859, 5320, 5839, 6041
328, 722, 1847, 1902, 2340, 2465, 2738, 3260, 3823, 5056
1357, 1398, 1410, 1897, 2202, 3202, 3394, 3604, 4158, 4598, 4669, 6375
651, 1307, 1352, 1995, 2066, 5895
475, 1071, 1072, 2378, 3686, 3688, 5694, 5893, 5894, 6725
361, 988, 1360, 3078, 3221, 4128, 5320, 5839, 6041, 3302, 4859
277, 282, 2720, 2917, 3587, 3953, 4287, 4627, 6477
71, 335, 1117, 1305, 1786, 1835, 1947, 2258, 3443, 4828, 6095, 6234
578, 708, 1967, 3902, 4173, 5804
152, 852, 854, 855, 1683, 2719, 2816, 5429, 5869, 5934, 5832, 1865, 1938, 1904, 853, 856, 83, 4856
921, 922, 2728, 5206, 6180
1357, 1398, 1410, 1897, 2202, 3202, 3394, 3981, 4158, 4598, 4669, 6375, 724, 3605, 3395
1114, 2026, 3435, 4439, 4904
2273, 2312, 2764, 2958
252, 4328, 6012, 6013
2911, 3628, 5426, 5699, 5988, 6769
1168, 1461, 5450, 6835
3633, 3671, 5143, 6074
4293, 4819, 4903, 5276, 5996, 6674
462, 620, 2324, 2648, 2757, 3227, 5002, 5219
1813, 2812, 2948, 3825, 4493, 6643, 6837
2377, 3330, 3439, 3742, 3919, 4237, 5195
276, 900, 919, 1785, 2074, 2477, 3427, 3641, 4164, 5768, 6155, 6577, 2592, 3938, 3959, 3846, 5319, 3480
15, 580, 581, 697, 775, 1191, 1289, 1290, 1291, 1505, 5994, 6717, 6586, 4114, 3234
788, 1383, 1999, 2487, 2488, 3499, 4038, 4763, 5527, 5806, 5815, 6508
356, 650, 1700, 1984, 2330, 2529, 2763, 3734, 3849, 4219, 4690, 5972, 6866, 3735, 6797
79, 371, 1070, 1462, 2155, 2167, 3314, 3654, 4376, 4614, 5223, 5521, 5882, 3058, 4137, 958, 1434, 1010, 6592, 4688, 5298, 1146, 6221, 58, 625, 2041
1104, 1522, 2088, 2089, 2264, 2385, 2534, 2852, 2859, 3165, 5123, 5363, 323, 3898, 5826
549, 2071, 2545, 3525, 3677, 3833, 3851, 5378, 5629, 5638, 6056, 6195, 6739, 3381, 3538, 1543, 4584
319, 375, 1024, 1477, 2538, 2903, 3023, 4100, 5187, 5477, 5650, 6566, 4273, 1618, 3519, 3860, 3877, 3804, 3691, 3864, 6554, 4595
2041, 2155, 4160, 4325, 4376, 4614, 4688, 5223, 5298, 5521, 6221, 6592, 1434, 2612, 1070, 371, 58, 2167, 79, 1462, 3654
166, 422, 680, 871, 1801, 3051, 4033, 4249, 4438, 4652, 5046, 5345, 5828, 6222, 4560, 956
913, 2097, 2224, 2518, 4029
1764, 2019, 2230, 3561
1098, 1248, 2284, 4112, 6663
607, 3109, 6262, 6661
3931, 4268, 4521, 6081
56, 2664, 4965, 6385
881, 1201, 2156, 2429, 5512
979, 2717, 3969, 5300
2555, 3034, 4580, 4829, 5874
1079, 1225, 3241, 6080
566, 1420, 1597, 1598, 2364, 6693, 6872, 6873, 6903, 6904, 6905
1073, 1883, 3280, 3508, 3564, 4176, 4734, 5526, 5580, 6603
289, 595, 1680, 2129, 2794, 3208, 3775, 5233, 5488, 5677, 6413, 6705
692, 828, 1932, 2510, 2571, 3204, 3728, 3962, 4295, 4616, 5302, 6200
1086, 1087, 1088, 4388, 4697, 4778, 4994, 5256, 5287, 5386, 6473, 6770
106, 233, 905, 2069, 2582, 2618, 3448, 3454, 3947, 6228, 6229, 6584, 4611, 679, 2352, 5954, 3855, 3854, 2485, 6281, 3924
124, 221, 1584, 2420, 2668, 2696, 6800, 6809, 6821, 6866, 5972, 2763, 650, 3849, 4124, 3735
2598, 3834, 3842, 3896, 4460, 5367, 6029, 6092, 6318, 6469, 3610, 6383, 5032, 4816, 4459, 1019
2102, 2333, 2555, 2633, 3034, 3964, 4422, 4580, 4581, 4829, 5874
234, 1662, 2196, 2197, 2504, 2770, 2840, 3396, 3774, 5162, 5964, 6256, 15
310, 1105, 1444, 2517, 4523, 4524, 4525, 4526, 4527, 6231, 6403, 6535, 6402, 6232, 6401, 6391
310, 1105, 1444, 2517, 4523, 4524, 4525, 4526, 4527, 6231, 6232, 6535, 6402, 6391, 6212
365, 1446, 2075, 2467, 3283, 3797, 3848, 3965, 4319, 5661, 6176, 6177, 5128, 1075, 4329, 6637
743, 794, 1312, 1406, 2397, 2553, 2704, 3258, 4919, 5371, 6276, 6675, 3076, 4722, 589, 5623, 6810, 1659, 228, 6716, 3338, 5431, 6077, 4314
751, 1243, 1448, 2053, 2731, 2733, 2734, 3820, 4941, 5547, 6614, 6836, 1397, 6918
258, 955, 1533, 1689, 1773, 2036, 3183, 3590, 3665, 4088, 5840, 5936, 6148, 6548
98, 1252, 1262, 1523, 3216, 3966, 4563, 4848, 5086, 5376, 5538, 6156, 4553, 3516
473, 771, 1128, 1261, 2670, 3371, 4026, 4186, 6801, 6845, 6850, 6863, 3524, 5, 2771, 6703
193, 1123, 1559, 1628, 2417, 3061, 3062, 3063, 3998, 3999, 4515, 5333, 4131, 1595, 1560, 1736
188, 307, 559, 668, 1111, 1541, 1710, 1983, 3731, 4362, 4612, 4908, 5787, 5684, 3601, 5856, 2819, 178, 3934, 3937, 4055
266, 303, 464, 504, 1124, 1299, 1421, 2949, 6388, 6751
3467, 4596, 5188, 5478, 6067, 6381
1078, 2203, 2484, 4542, 6360
923, 1954, 1972, 2376
220, 528, 1891, 2031, 2483, 5008, 5537
1993, 5133, 5134, 5734, 5744, 6606
108, 517, 777, 953, 5357, 5484, 6287
51, 3390, 3506, 5235, 5668
1502, 1870, 2128, 2616
350, 1161, 3304, 4191, 5121, 5626, 6417, 6570
1400, 1401, 1539, 1540, 1724, 1840, 1841, 2255, 2787, 3113, 3127, 4466
61, 149, 683, 2335, 3442, 3599, 4271, 4499, 5007, 5574, 6151, 6170, 4498, 6459, 5259
288, 553, 1426, 1766, 3788, 3913, 4207, 4229, 4572, 4849, 5730, 5750, 6541, 1138
164, 344, 695, 720, 1100, 2040, 2575, 3618, 4340, 4402, 4747, 6398, 5982, 4232
83, 852, 853, 854, 856, 1683, 1865, 1904, 1938, 5832, 5869, 4743, 855
1012, 1531, 1769, 3553, 3651, 3888, 4193, 4194, 4534, 6386, 6665, 6719, 5568, 5506
1012, 1531, 1769, 3553, 3651, 3888, 4193, 4194, 4534, 5506, 5568, 6386, 6719, 6665, 1869, 4630
61, 149, 2335, 3442, 4011, 4097, 4345, 4498, 4499, 5007, 5259, 6459, 4271, 6151, 683, 6412
77, 211, 213, 1329, 1634, 2115, 2295, 3348, 3880, 4089, 5067, 5609, 0, 3124, 960, 3933, 5618, 5664, 3313, 5063
138, 1028, 1685, 1933, 2132, 2133, 2218, 2310, 2361, 4203, 4655, 4987, 5355, 5875, 4281, 5354, 2278, 1020, 5878, 5876, 5859, 2309, 702, 3886, 3619, 5877, 3188
1085, 1216, 2105, 2250, 2802, 2934, 3235, 3378, 3533, 4172, 5073, 5425, 5781, 6083, 2862, 5459, 5979, 4492, 654, 568
1630, 1660, 2013, 3008, 3509, 3940, 4920, 5366, 5427, 5935, 5948, 6238, 6484, 2501, 6254, 1229, 1770, 6605, 590, 3196, 5250
86, 265, 388, 438, 1750, 2163, 2797, 3567, 4555, 4654, 5205, 5922, 3217, 3069, 812, 6484, 3487, 947
535, 978, 1775, 3206, 3236, 3237, 3457, 4259, 4870, 5602, 6337, 6390, 6308, 3495, 313
590, 1341, 1630, 2501, 3008, 3196, 3940, 5250, 5935, 5948, 6254, 6605, 6238, 3509
1812, 2357, 2470, 2471, 2524, 2525, 3493, 3719, 5165, 5174, 5544, 6737, 2396, 6242, 1653
0, 213, 960, 1118, 1677, 3124, 3545, 3812, 3880, 3933, 5063, 5563, 5664, 2418, 5362
1660, 2013, 3008, 3509, 3940, 4920, 5366, 5427, 5935, 5948, 6238, 6484, 2501, 1770, 590, 1229, 3196
766, 798, 3075, 6857, 6869, 6871, 6877, 6902, 6910, 6913, 6917, 6921, 6862, 1288
145, 264, 770, 1094, 1112, 2091, 2844, 3899, 4897, 6078, 6539, 6625, 6118, 2796, 4058, 1956, 1888, 3352, 4080, 615, 5499, 2438
442, 1780, 2337, 5169
290, 653, 862, 1180, 6550
561, 1637, 2011, 2135, 6924
6, 782, 1837, 3932, 4934
560, 1963, 3615, 5752
2841, 3424, 5372, 6307
1178, 1833, 5271, 5648, 5739, 4713, 1127, 845
864, 1310, 1335, 3697, 6002
401, 1428, 1602, 1603, 4680, 5660
478, 1217, 1347, 2682, 3977, 4841, 5733, 6758
911, 1019, 1196, 1259, 3305, 3610, 4816, 5377, 5711, 6318, 6327, 6729, 4459, 3869, 912, 4550, 5032, 2121, 5145, 6277, 1197
1, 978, 3236, 3237, 3495, 4583, 4767, 4870, 5185, 5983, 6308, 6337, 1775, 3979, 3206, 5602, 3457, 4259, 535, 313
935, 1026, 1752, 1767, 1808, 2549, 2870, 3083, 3172, 3954, 4820, 5772, 3233, 4535, 4214, 2271
447, 2182, 2347, 2907, 2980, 3074, 3118, 3810, 4450, 4502, 4504, 5584, 5262, 4309, 5904, 5342, 1096, 2350, 2056, 1256, 3790, 2351, 1800, 865, 5264
55, 1567, 2503, 2858, 2861, 3573, 4007, 5390, 5614, 6160, 6230, 6519
1256, 1799, 1800, 2347, 2350, 2351, 3118, 4309, 4502, 5262, 5264, 5342, 5584, 3790
1653, 1812, 2470, 2524, 2525, 3493, 3719, 5165, 5174, 5544, 6242, 6737, 2471, 2396, 2642, 2357
167, 425, 1054, 1344, 3143, 3426, 5442, 5443, 5444, 5445, 5446, 6019, 3144, 1958, 3137, 1116
381, 1377, 1641, 2205, 3867, 4031, 4161, 4865, 4915, 5184, 5475, 6244, 5696, 1919, 1994, 4501
452, 1516, 1518, 1525, 2080, 2191, 2381, 3271, 3355, 3388, 3630, 3722, 2557, 5573, 5242, 4420, 5038, 6367, 6270, 4997
196, 232, 263, 516, 821, 928, 2711, 2901, 4480, 6031
273, 839, 1051, 1427, 2789, 3945, 4077, 4601, 4762, 5486, 6699
636, 1886, 2451, 3049, 3089, 3324, 4101, 4428, 5693, 6062
194, 1208, 1209, 1554, 1555, 1556, 1738, 2433, 2434, 2436, 3830, 6514
394, 395, 2512, 2996, 4384, 4445, 4513, 4682, 4990, 5043, 5751, 6198
384, 618, 1313, 1703, 2151, 5059, 5094, 5351, 5399, 5549, 6686, 6763, 3787, 974, 2655
110, 236, 342, 844, 1676, 2010, 2260, 2613, 3451, 3585, 4725, 5409
119, 120, 372, 373, 374, 454, 2042, 3871, 6453
230, 1265, 2956, 3417, 4776, 5183, 5267, 5491, 6204
437, 569, 647, 3763, 4585, 5216, 5217, 5218, 5906, 5907, 6061
538, 1594, 3209, 4060, 4390, 4917, 5152, 6022
931, 1236, 1237, 1240, 2931, 3729, 3930, 5522, 6839
1870, 1871, 1872, 1873, 2128, 2616
160, 577, 1173, 1221, 3295, 5118, 5272, 5273
261, 1215, 2126, 2183, 4341, 4374, 5853
179, 1617, 2756, 3210, 4262, 5654, 6500, 6507
38, 182, 183, 646, 707, 4162, 4871, 6447
50, 1308, 1616, 3126, 4205, 4811, 5139, 5950
614, 721, 1130, 1238, 2735, 4609, 6101, 6419
299, 345, 540, 1354, 2268, 2405, 2730, 3150, 3942, 5469
324, 714, 2507, 2831, 5405, 5406, 5408, 5688, 6146, 6249, 6251
453, 1219, 1586, 2790, 3291, 4423, 5213, 5704, 6464, 6795, 1663, 4304, 6491, 4967, 5947
1551, 1948, 4022, 4727, 5266, 5328, 5631, 5941, 5967, 6636, 6799
1285, 2807, 3145, 3706, 4675, 4824, 5719
16, 3882, 4533, 4729, 5181, 5275, 6123, 6504, 6787
239, 2669, 2873, 3175, 3447, 3749, 5036, 5334
14, 495, 611, 804, 952, 1737, 2220, 4971, 5710, 6724
1531, 1869, 2047, 4193, 4416, 4534, 4630, 5451, 5506, 5568, 6665, 6719, 1012
163, 1325, 1403, 1404, 2630, 2783, 4110, 4222, 4236, 4759, 6816, 1164, 4758, 1376, 2791
141, 198, 637, 857, 3252, 3253, 3254, 3574, 3837, 4702, 5034, 6604, 2051, 2875, 2341, 1771
251, 1023, 2359, 2721, 3666, 3709, 4479, 4547, 4769, 5865, 6382
325, 2023, 2583, 2584, 2644, 2954, 4311, 6583, 6698, 5254, 4239, 5226, 4928, 5834, 5556, 6579
2319, 2599, 2918, 2928, 3350, 3425, 4140, 5294, 5833, 6534, 6852
588, 815, 1987, 2130, 2307, 2421, 3367, 4119, 4432, 5670, 4565, 3000
210, 791, 1096, 2072, 2374, 3527, 4260, 4998, 5962, 6393, 6559
736, 1805, 2320, 4075, 4956, 5076, 5325, 5909, 6468, 6567, 6612, 6727
222, 284, 1150, 2422, 3032, 3218, 3279, 3717, 3872, 3973, 4751, 5646
736, 1805, 2320, 4075, 5076, 5325, 5909, 6140, 6468, 6567, 6612, 6727
204, 951, 1424, 4155, 4331, 4360, 4473, 4557, 4664, 4808, 4839, 5365
588, 815, 2130, 2307, 2421, 3000, 3367, 4432, 4565, 4833, 5373, 5670, 4119
17, 18, 3246, 6859, 6887, 6888, 6896, 6897
24, 391, 867, 1203, 2938, 4118, 4421, 4531
1484, 1977, 3548, 4248, 4968, 5473, 5621, 6164, 6579, 5766, 325, 5226
1182, 1326, 1944, 2139, 5276, 5692, 5852, 5996, 6079, 6674
918, 3910, 4078, 4130, 4899, 5200, 5489
31, 268, 269, 270, 271, 507, 1496, 3262
96, 556, 1934, 1953, 2966, 3297, 3507, 3752
328, 1847, 1902, 2340, 2358, 2465, 2591, 2738, 3260, 3823, 3824, 6488
492, 1797, 3116, 3140, 5171, 5412
87, 999, 2587, 4347, 4391, 5889, 5915, 6193
1259, 2121, 3305, 3610, 3822, 3869, 4459, 5032, 5711, 6277, 6327, 6729, 4816, 5377, 6318
2267, 3130, 3701, 4634, 5126, 5176, 5274, 5472, 5727, 6028, 6483, 6552
1187, 1487, 2703, 2836, 2969, 3277, 3377, 4010, 5831, 6054, 6355, 6395, 5096, 2690, 4672
1019, 1259, 3305, 3610, 4459, 4816, 5145, 6277, 6318, 6327, 6383, 6729, 3822, 5032, 2121, 5383, 911, 1196, 5377, 3869, 912, 5711, 4550, 1197, 6092
181, 367, 2848, 2892, 2895, 3405, 3482, 3620, 5109, 5712, 6561, 6578, 674
83, 852, 853, 854, 856, 1683, 1904, 1938, 4743, 4856, 5832, 5869, 1865, 152, 5934, 2719, 5429
508, 509, 510, 511, 512, 1668, 1899, 1900, 2718, 3198, 6817, 6819, 2204, 1898, 6818, 6811
875, 940, 1186, 1988, 3881, 4070, 4187, 4514, 4795, 6260, 6316, 6353, 1314
2267, 3130, 3406, 3701, 4802, 5126, 5176, 5274, 5422, 5472, 5727, 6483
1019, 1259, 3305, 3610, 4459, 4550, 4816, 5032, 5145, 6092, 6318, 6383, 2121, 5377, 6277, 912, 911, 1196, 5383, 3896, 3869, 6729
326, 412, 641, 1309, 1572, 1732, 3353, 4091, 4726, 4882, 5024, 6349, 5088, 6502, 2795, 6647, 5835, 1890, 2445
267, 582, 585, 1033, 1402, 1468, 1578, 2018, 3552, 4227, 5278, 5331, 3340, 5175, 3921, 893, 2344, 6498
267, 582, 585, 1033, 1402, 1468, 1578, 2018, 2169, 3552, 3921, 4227, 3652, 5175, 5186, 6525, 5278, 6712, 2229, 2344
267, 585, 1033, 1468, 1578, 2018, 2229, 2505, 3340, 3552, 4227, 5054, 1914, 2944, 6498, 582, 2169, 1402, 5186, 3652, 2344
410, 897, 1283, 1491, 1599, 2162, 3343, 5554, 5742, 5813, 6354, 6640, 6528, 6617, 6533, 3951, 5938, 1552, 1032, 5550
1101, 1921, 1923, 2316, 2671, 3301, 3580, 3648, 4602, 5279, 5891, 5905, 5339, 1581, 1966
256, 2095, 2370, 2516, 2536, 2942, 3055, 3181, 3468, 4750, 5194, 5581, 6732, 6111
487, 543, 1188, 1391, 1761, 2049, 2298, 2336, 2392, 3284, 5115, 6055, 5643, 3845, 2702, 4330, 2622, 811, 5569, 2753, 2577, 3659
326, 412, 641, 1309, 1572, 1732, 3353, 4091, 4726, 4882, 5024, 6647, 5884, 1890, 6502, 6142, 6108, 5088, 2445, 1147
100, 191, 219, 497, 808, 1315, 1852, 2259, 2818, 3162, 4736, 6841, 2768, 4238, 5389, 506, 3159, 3079, 5773, 1961, 753, 5106, 1563, 2855, 5767, 3040, 1076, 4881, 3859, 240, 1365, 3185
1643, 2389, 3308, 4272, 5937
1425, 4025, 4350, 5370
1476, 3661, 4258, 5671
1121, 2431, 4909, 5215
710, 2090, 4706, 6400
624, 3048, 3943, 4452
551, 942, 1561, 4825, 4826, 5130
481, 2457, 2981, 3555
682, 686, 3452, 5281
69, 548, 1458, 3609, 6474, 6648, 6760, 2095
656, 657, 659, 660, 663, 664, 665, 2409, 3956, 4099, 4631, 4860, 3132, 3957, 2143, 5433, 6419
123, 502, 876, 2241, 2777, 3577, 4359, 4711, 4905, 4961, 5453, 5487
1115, 2463, 2635, 2926, 3176, 3249, 3347, 4152, 4676, 6494, 6630, 6772, 795, 2552, 5142, 4023
389, 500, 1473, 2454, 2723, 3909, 4069, 4225, 5317, 6026, 6556, 6638, 4373, 6284
656, 657, 658, 659, 660, 663, 664, 665, 3956, 3957, 4099, 6419, 4860, 662, 4631, 5433
356, 650, 1700, 1984, 2330, 2529, 2763, 3734, 3735, 3849, 4219, 4690, 6797, 5972
204, 951, 1424, 4155, 4331, 4473, 4557, 4664, 4808, 4839, 5365, 6536
177, 639, 954, 1721, 2000, 3725, 3850, 4754, 5064, 5449, 6334, 6741
146, 553, 723, 1138, 2079, 3913, 4218, 4699, 4849, 5305, 5575, 6629, 2701, 404, 2994, 1766, 3695, 2437, 3788, 4405, 5730, 6541
1422, 1590, 1611, 1701, 1759, 1939, 2113, 3035, 3690, 4177, 4288, 5070, 3806, 6733, 2915, 6678, 1646
2190, 2241, 2777, 4566, 4930, 4961
154, 2235, 3145, 3706, 3840, 4824, 5717, 5718, 5719
234, 2504, 2840, 3396, 3774, 5162, 6256, 15
468, 752, 1047, 3640, 4000, 6628
74, 1131, 2198, 4540, 4883, 5091
530, 1176, 4098, 4508, 5189, 5441, 6219, 4567, 2334, 858, 1451, 1148, 168, 2617
436, 1524, 2726, 3588, 3631, 3712, 5510, 6075, 6430
1036, 1340, 1619, 3920, 5207, 5360, 5663
1514, 1828, 3312, 4878, 6299
345, 540, 1354, 2268, 2405, 2730, 3150, 3942, 5469
92, 861, 1179, 1214, 1469, 1470, 2021, 2550, 3473, 4230, 4545, 5182, 4853, 3602, 5246, 1779, 5288, 5535, 961, 3796
455, 1671, 2085, 2318, 3724, 3908, 4224, 4592, 5228, 5649, 5930, 6745, 6696, 3692, 6792
1012, 1531, 1769, 3553, 3651, 3888, 4193, 4194, 4534, 5506, 6665, 6719, 1869, 6386, 4630, 4416, 2047, 5451, 5568
1919, 1994, 2205, 3867, 4161, 4501, 4865, 5475, 5696, 1641, 381, 4915, 6244
381, 1377, 1641, 1994, 3867, 4031, 4161, 4865, 4915, 5184, 5475, 5696, 4501, 6244, 2205
1012, 1531, 1769, 3553, 3651, 3888, 4193, 4194, 4534, 5568, 6386, 6665
367, 674, 2848, 2892, 2895, 3405, 3482, 3620, 5109, 5712, 6561, 6578, 181, 3549, 1156
1516, 2080, 2191, 2557, 3271, 3355, 3722, 6367, 6270, 5854, 3388, 3630, 4420, 1518, 5038, 3984, 2381, 5573
181, 367, 1156, 2848, 3482, 3549, 3620, 4103, 5109, 5712, 2895, 6578
138, 702, 1028, 1685, 1933, 2132, 2133, 2310, 2361, 4203, 4655, 4987, 2218, 5355, 3188, 5878, 5875
918, 3086, 3910, 4078, 4130, 4899, 5200, 5489
2646, 2647, 2649, 2651, 2652, 2780, 3107
1027, 1189, 1874, 1935, 3901, 4857, 5364
392, 5177, 5369, 5687, 6006, 6569
1488, 2535, 2601, 3754, 3832, 4640
2239, 2305, 2965, 4133, 4469, 5284
186, 1803, 3416, 4552, 5193, 5203, 6025
254, 1340, 1619, 2400, 2672, 2673, 3920, 5360, 5663
2102, 2333, 2555, 2633, 3964, 4422, 4580, 4581
1638, 2423, 2897, 3219, 3918, 4252, 4536
561, 850, 851, 1637, 2011, 2135, 2464, 6774, 6802, 6844, 6924
186, 1803, 2579, 2594, 2968, 3026, 3399, 3416, 4042, 4552, 5203, 6025
886, 1211, 2190, 3163, 3935, 4930, 5805, 6347, 6376, 6746
32, 332, 1084, 1284, 2660, 3264, 3713, 5124, 5716
886, 1211, 2190, 2241, 2777, 3935, 4566, 4930, 4961, 6347, 6746, 876
1482, 2562, 3693, 4090, 4742, 4812, 4948, 4949, 4950, 5078, 6149, 6315
850, 851, 2011, 2464, 2521, 2522, 6774, 6802, 6812, 6822, 6843, 6844
1968, 2174, 2175, 3541, 4094, 4539, 4978, 4979, 4980, 4981, 5985, 6036
678, 939, 1508, 2546, 2902, 3779, 4907, 5280, 5282, 6790, 6791
337, 2394, 2395, 2900, 3064, 4475, 4476, 4478, 6183, 6780
378, 1153, 1587, 1913, 3958, 4308, 4444, 4621, 5838
1848, 2256, 2257, 4013, 4014, 5081, 5082, 3434
699, 1409, 3510, 4623, 4624, 5291, 5542, 5691, 6295, 6631, 4180
644, 799, 1275, 1407, 1408, 1751, 2576, 3635, 4831, 4916, 5157, 6465
1740, 2820, 3345, 4886, 4989, 4991, 5257, 5594, 5864
465, 2052, 3994, 4226, 5028, 5029, 6130, 6131, 6132, 6133, 6134, 2054
1181, 2033, 2623, 4294, 4665, 4781, 5247, 5702, 6710
246, 420, 3056, 3743, 3993, 4558, 5112, 5163, 5270, 2597, 1455
1296, 3359, 4046, 4717, 5210, 5384, 5968, 6034, 6346, 6357
4, 591, 1639, 1654, 1656, 2262, 2496, 3948, 4301, 6668
40, 1322, 1589, 2532, 4401
351, 681, 1635, 1894
1472, 3799, 3925, 4208, 4625
2082, 4105, 4687, 6343
101, 1879, 2441, 3579
1954, 1972, 2376, 6085
1066, 2975, 2983, 6348
550, 746, 2708, 3230, 3805
903, 4012, 5903, 6109
1672, 4888, 5001, 5816
35, 1044, 2428, 2511, 4102, 5686, 5799, 6099, 6777
1482, 2562, 4742, 4948, 4950, 5078, 6149
1251, 1699, 2238, 2286, 3263, 4683, 5072, 6345
2007, 3730, 6068, 6126
1757, 1965, 2603, 2868, 3315, 4559, 5921, 6027
402, 2123, 3397, 5783
158, 1842, 3327, 4054, 5576, 5616, 6677
4389, 4778, 4993, 4996, 5287
652, 724, 1097, 1398, 2228, 3223, 3394, 3395, 3605, 3807, 3981, 4977, 6375, 5583
1006, 2253, 4761, 4797, 5105
3777, 4061, 6365, 6653
891, 2724, 2891, 6428
915, 2157, 3583, 3997
358, 3693, 4090, 4520, 5599
1665, 3158, 3663, 4414
456, 1232, 3456, 3761
891, 2891, 6428, 6505
765, 819, 1645, 3760
3299, 4299, 5329, 6450
3526, 3861, 4169, 4491
1036, 1340, 1619, 2672, 3920, 5207, 5360, 5663
386, 1254, 1304, 1431, 1718, 4645, 5318, 5980
1086, 1087, 1088, 3568, 4696, 4697, 6473, 6770, 4693, 4692, 5256, 1788, 4694, 4695
385, 2634, 6858, 6859, 6887, 6888, 6896, 6897
1566, 2778, 4530, 5755, 6059
1902, 2340, 2358, 2943, 3260, 3823, 3824, 6488
716, 717, 2302, 2580, 3992, 4291, 5822, 5823
1596, 1740, 2803, 2820, 2821, 2822, 4989, 5283
163, 1325, 1403, 1404, 2783, 4759, 6816, 4110, 4236
478, 3977, 4841, 5733, 5939, 6758
104, 225, 1073, 1224, 1883, 2116, 3280, 3564, 5526, 5802, 6603, 6676
462, 620, 2324, 2756, 3210, 3227, 4262, 5002, 5260, 5654, 6106, 6507
1482, 2562, 3693, 4090, 4520, 4742, 4812, 4948, 4949, 4950, 5599, 6315
71, 89, 1117, 1305, 1786, 2258, 2982, 3443, 3591, 4828, 5021, 6095, 6234, 1835, 1947
631, 938, 1016, 2111, 2165, 3044, 3045, 3046, 3323, 5229, 5341, 6807
604, 1081, 1251, 1699, 2238, 2286, 2662, 3263, 4683, 5072, 6113, 6345
114, 185, 764, 2722, 3838, 4209, 4591, 5050, 5055, 5855, 6213, 6462
869, 1608, 3600, 3782, 4113, 4844, 5299, 5582, 5652, 6394, 6704
692, 828, 1932, 2510, 2571, 3204, 3728, 3962, 4295, 5302, 6200
1405, 2138, 2377, 2659, 3330, 3439, 3741, 3742, 3785, 3919, 4237, 5195
1159, 2667, 3041, 3067, 3595, 4139, 4838, 6734
132, 393, 2985, 4027, 4962, 5760, 6137, 6649
1889, 1997, 4141, 4266, 4410, 4906
486, 3423, 4477, 4799, 5026, 5095, 5595, 5888, 5969
1526, 2141, 2142, 3341, 6748, 6798, 6830, 6851
150, 887, 957, 4918, 5890, 6192, 6723
555, 1632, 1772, 2425, 2460, 4385, 4641, 5085, 5087
503, 838, 1910, 3481, 5728, 5911, 6671
1968, 3541, 4094, 4539, 4979, 5985, 6036
1714, 2304, 2331, 2462, 2741, 4735, 5074, 6527, 6560
1136, 1321, 2478, 4302, 4789, 6540
1034, 1548, 4064, 5380
120, 372, 373, 374, 2042, 3871, 6453
205, 446, 2997, 4195, 4315, 4875
1073, 3508, 4176, 4734, 5580
143, 1171, 5327, 5396, 5415, 6495
185, 764, 3838, 4209, 5050, 5055, 5855, 6213, 6462
677, 742, 1513, 2663, 3012, 5493, 5494, 5943, 6023
203, 2107, 3059, 6145, 6435
1485, 3164, 3385, 3699, 3815, 4129, 4284, 4403, 4458
297, 648, 1504, 2168, 3001, 3060, 3135, 3976, 4798, 6211, 6363, 6446, 1534, 3419, 1218, 1815, 2747, 6865, 4235, 1787, 2119, 3967
321, 1492, 2083, 2084, 2894, 3171, 3536, 4862, 6060, 1960, 983, 1862, 1695, 1298, 155, 1742, 925, 1609, 805, 1547, 1985, 1043, 2285, 1198, 49, 2223, 1099
298, 333, 520, 1369, 1436, 2296, 2606, 2749, 3011, 3332, 4600, 4877, 1536, 3153, 4434, 592, 4456, 5179, 4449
333, 592, 1436, 2296, 2749, 3332, 4002, 4434, 4449, 4456, 4877, 6470, 1369, 298, 3673, 6543, 4600, 5545, 520, 2606
312, 701, 927, 1041, 1151, 1443, 1704, 2932, 3300, 4406, 5397, 6282, 1615, 6052, 2626, 4661, 1733
259, 318, 352, 445, 1175, 1713, 1748, 1816, 2194, 5553, 5896, 5989, 3418, 3776, 4730, 3647, 4973, 3530, 5460, 1478, 2244, 3539, 4310, 4147, 719
582, 585, 893, 1402, 1468, 1914, 2169, 2344, 3552, 3652, 5054, 5186, 6712, 5331, 2018, 1578, 2505, 267, 1033, 3921, 5175, 498, 2944, 4227, 6525, 5278
292, 818, 1506, 1941, 2114, 2328, 2399, 2515, 5495, 6003, 6344, 6596, 5756, 3161, 1046, 3434, 3613, 3733, 4817, 3831, 5438
292, 818, 1506, 1941, 2114, 2328, 2515, 2774, 3087, 5199, 6003, 6087, 4657, 5955
130, 466, 1167, 1749, 1793, 2060, 2263, 2766, 4326, 5534, 5978, 6621, 117, 4365, 5820, 3626, 841, 1817, 5470, 6058, 3546, 247, 6864, 1332, 5392, 2656, 5382, 902, 3207, 1378, 5400, 4037
1906, 2179, 2406, 4892, 5559, 1289, 6717, 1875
584, 1574, 2680, 4030, 4453
1182, 3316, 5692, 5852
113, 460, 2217, 3363, 4267, 5037
733, 1288, 3769, 6869, 6877, 6913, 6910, 6871
1430, 1731, 3492, 3497, 4823, 2323
262, 640, 2164, 2360, 3772, 5771, 6100
33, 1157, 1826, 2573, 2817
111, 309, 937, 2134, 5269, 5466, 5587, 6695, 6518, 1003, 1905, 2212, 1601, 4171, 3865
530, 4098, 4508, 5189, 5441, 1148, 2617, 6319, 1451, 1959, 6219, 1176, 168, 2334, 4567
246, 420, 1455, 3743, 4106, 4558, 5112, 5163, 5270
429, 436, 2280, 2726, 3631, 3711, 3712, 5510, 5604, 6075, 6430
2332, 2999, 4481, 5083, 5420, 5860, 5872, 6154
172, 565, 3099, 3368, 4429, 4430, 4431, 6912
16, 1745, 3882, 4065, 4533, 4729, 5181, 5275, 6123, 6504, 6564, 6787
555, 1632, 1772, 2425, 2460, 4641, 5085, 5087
2028, 2269, 2837, 3700, 4074, 4773, 6240, 6252, 6779
429, 436, 2280, 2726, 3317, 3631, 3711, 3712, 5510, 5604, 6075, 6430
195, 272, 296, 355, 685, 1184, 2632, 2883, 5330, 6066
3214, 3773, 4318, 4639, 5234, 6179
686, 3452, 5281, 6166
337, 4475, 4476, 4478, 6183, 6780
1371, 2188, 2442, 3412, 4358, 6351
2171, 3664, 4275, 5918
514, 3991, 4638, 5225, 6217, 6218
979, 2717, 4698, 5300
72, 2566, 2567, 2920, 4953, 6632
4113, 4509, 4844, 5576, 5582, 6394
866, 998, 1568, 3983, 4744, 6598
33, 1065, 1157, 1826, 2817
200, 1389, 1727, 2063, 2240, 2366, 2973, 2974, 3895, 4081, 6158, 6159, 2972, 6239, 2064, 2850, 3923, 3581, 6546, 4830, 201, 398, 2402, 2950, 5848
410, 691, 897, 1032, 1491, 1552, 3343, 3951, 4006, 4723, 5402, 5550, 6528, 3479, 336, 6640, 6354, 5742, 6490, 6533, 5938, 1283, 1599, 6513, 2162, 3211, 5813
705, 1080, 1172, 1494, 1709, 2565, 2610, 2706, 3818, 5010, 6875, 6908, 2408, 3737, 5920, 3148, 3571, 5620
298, 333, 520, 1369, 1436, 2296, 2606, 2749, 3011, 3153, 3332, 3673, 6804, 4434, 5179, 4449, 5764
80, 1048, 1527, 2313, 2684, 3190, 3372, 4148, 4261, 4571, 4868, 5821, 1194, 1790, 3458, 2308, 418, 1001, 4836, 4082, 2834, 1423, 5548, 6129, 6209, 47, 359, 5232, 5825, 4573, 4806, 5454
102, 174, 175, 176, 357, 992, 1025, 1142, 2086, 2560, 2589, 6708, 4800, 6854, 5720, 1152, 2692, 1507, 2291, 1880, 29, 2643, 579, 3634
487, 543, 1188, 1391, 1761, 2049, 2298, 2336, 2392, 2577, 3659, 5115, 5643, 2753, 2702, 5569, 811, 4330, 3845, 2622, 1843
292, 519, 1506, 2515, 2554, 3161, 3434, 3440, 4485, 5438, 5495, 6003, 5955, 2328, 1941, 547, 2114, 3087, 6087, 848, 3831, 1046
487, 543, 1188, 1391, 1761, 2049, 2298, 2336, 2392, 2577, 3284, 4330, 5643, 5569, 6055
705, 1080, 1172, 1494, 1709, 2408, 2565, 2706, 2785, 3148, 3571, 4242, 5022, 2610, 3444, 6908, 3681, 3177, 676, 5620, 6875, 5010, 6210
1662, 2196, 2197, 2770, 3774, 5162, 5964
11, 3231, 3980, 4510, 4511, 5923, 6266
160, 577, 623, 1173, 1221, 5118, 5222, 5272, 5273, 3295
792, 1811, 3232, 5332, 5524, 6279, 6280
427, 882, 3529, 3607, 4861, 5374, 5513, 5514
1702, 2782, 2826, 3870, 5164, 5625
189, 1059, 1863, 4589, 5597, 6361, 6362, 6684
205, 446, 4195, 4315, 4875, 5607
37, 1029, 4497, 5461, 6182, 6461, 6788
363, 562, 2321, 3622, 4221, 5113, 5749, 5902
24, 391, 1005, 1203, 1846, 2117, 2938, 4118, 6445
842, 1368, 3017, 3383, 4233, 4532, 5027, 6011
172, 565, 4429, 4430, 4431, 6912
1889, 4266, 4410, 4906, 6119
266, 464, 504, 1299, 1421, 2949, 4845, 6388
768, 2231, 2251, 2827, 3121, 3732, 5015, 5065, 6050
87, 150, 999, 1280, 2587, 5915, 6193, 6458
1008, 2681, 2806, 4593, 4681, 5031, 6531, 6616, 6766, 6870
631, 1016, 2111, 3044, 3046, 6807
3970, 3971, 3972, 4944, 5698
268, 269, 270, 271, 1496, 3262, 6373
482, 1648, 3057, 3197, 3826, 4418, 5286, 5316
427, 882, 2210, 3607, 5374, 5513, 5514
119, 120, 372, 373, 374, 454, 2042, 6453
386, 1254, 1304, 1431, 1718, 4645, 4966, 5318, 5980
413, 2375, 3988, 4712, 4985, 5315, 5611, 6789
2069, 2582, 2618, 3448, 3454, 3947, 6228, 6584
612, 889, 1479, 2131, 2455, 2908, 4562, 4839, 6248, 4155, 4557, 1424, 951
494, 825, 2035, 2326, 3333, 4257, 4804, 5414
63, 306, 1388, 1390, 1392, 2373, 4622, 5358
1937, 2574, 5476, 6071
2691, 4317, 4867, 6720
894, 994, 1927, 4807, 6162
449, 542, 5579, 6478
1204, 1293, 2675, 3748
1833, 5271, 5648, 5739
360, 593, 5395, 5483, 5736
586, 1573, 4278, 6309
187, 515, 1358, 3692, 6103, 6792, 2828
1623, 2148, 3655, 6153, 6274
190, 227, 439, 750, 1328, 2737, 2886, 3187, 4123, 5237, 6472, 6627, 4057, 6389, 390, 1270, 1741
42, 93, 301, 814, 1520, 1612, 2323, 3497, 3563, 3614, 4361, 5558, 4823, 2221, 6709, 6681, 3492
820, 901, 1678, 2372, 3220, 3721, 5156, 5628, 5846, 5434, 3897, 5482, 2877, 1165, 4206, 1359, 1210, 3180, 1069, 1286
770, 1094, 1112, 1888, 2091, 2844, 3899, 4080, 4897, 6078, 6539, 6625, 264, 4058, 5499, 1956, 2796, 145, 1042, 2438
1777, 2193, 3131, 3408, 3410, 3411, 3705, 3892, 4348, 4395, 4914, 5689, 2588, 936, 19
733, 766, 798, 1288, 3075, 3769, 6857, 6869, 6871, 6877, 6902, 6910, 6913, 6917
387, 525, 2186, 2773, 3365, 3624, 4412, 4413, 4425, 4895, 5192, 5630, 6687, 6825, 1433, 6642, 3512, 6824, 5886, 241, 4955
564, 603, 754, 963, 1716, 2520, 3097, 3453, 3813, 5368, 6660, 6711, 4490
343, 501, 1460, 1774, 1996, 2146, 3789, 3866, 4668, 5344, 6407, 6639
700, 1739, 2004, 2689, 3157, 3334, 4780, 6292, 6293, 6294, 6296, 6297
751, 1243, 1448, 1620, 2053, 2731, 2733, 2734, 4941, 5547, 6614, 6836, 2732, 5761
5, 473, 771, 1128, 1261, 2748, 3524, 4185, 6703, 6827, 6845, 6850, 3371
986, 1082, 1579, 1682, 2192, 2419, 2621, 3778, 4018, 4323, 4435, 3518, 1396, 6226, 4047, 2986
480, 908, 1077, 1691, 1791, 1892, 1926, 2065, 2272, 2977, 6333, 6565, 4896, 5560, 1542, 807, 2299
480, 908, 1077, 1691, 1791, 1892, 2065, 2272, 2977, 4896, 6333, 6565, 1926, 4610, 5560, 2299, 1342, 2929, 807, 1542
208, 608, 1806, 2094, 3015, 4470, 4599, 4643, 5557, 6039, 6427, 6432, 1629, 832, 5634, 1964, 3780, 415, 2799, 5221, 2124
480, 908, 1542, 1691, 1892, 1926, 2065, 2977, 4752, 5190, 6333, 6565, 1791, 1077, 2929, 2272, 5560, 4896, 4610, 2299
545, 2440, 2697, 2874, 3013, 3949, 4269, 4408, 4446, 4963, 5245, 6650, 6585, 5251, 5030, 6600, 6372, 6335, 1253
760, 1258, 1475, 2054, 2057, 2348, 2349, 2412, 3189, 6257, 6258, 6259, 2059, 2058, 6133, 3039, 3617, 1606, 5881, 4032, 2073, 5263, 5161, 5268, 23, 965, 5261, 2913, 3329, 1102, 1782, 1498
294, 365, 1075, 1386, 1445, 1446, 1447, 3053, 3283, 4319, 5661, 6637, 3797, 3328, 5128, 2710, 1519
1814, 2564, 4121, 4159, 4448, 4482, 5981, 6015, 6304
584, 1574, 1853, 2680, 3114, 4030, 4453, 5795, 6655
153, 407, 408, 726, 727, 1014, 1647, 3136, 5897, 6740
81, 1257, 1381, 1394, 5004, 5005, 6069, 6225, 5657, 1454
1778, 1849, 2099, 2739, 3523, 4280, 5231, 5700
715, 1517, 2100, 2572, 2636, 2921, 4898, 5309
231, 534, 599, 813, 972, 2687, 3841, 4344, 4457
518, 732, 1829, 2619, 3430, 4999, 5097, 5647, 5883, 5913, 5970, 6651
215, 216, 1226, 1227, 1228, 2694, 3319, 3469, 6808
453, 1219, 1586, 2765, 2790, 3291, 4304, 4423, 5213, 5704, 6464, 6795
671, 976, 986, 1015, 1396, 1579, 1682, 1942, 2192, 2506, 2715, 3778, 4467, 3518
267, 582, 585, 1033, 1402, 1468, 1578, 1914, 2018, 5054, 5278, 6498, 3340, 3552, 2944, 893
291, 671, 976, 986, 1015, 1579, 1682, 1942, 2621, 4047, 4467, 6226, 3518, 2506, 5578, 2192, 4435, 2715, 4323, 1396, 693, 3778, 4018, 5858
326, 412, 1040, 1147, 1309, 1732, 1890, 2445, 2795, 4091, 5884, 6349, 4882, 6502, 6108, 6255, 5024, 6647, 3133, 6142, 3738, 5835, 4822, 2851, 5092
97, 1101, 1125, 1581, 1921, 1923, 1966, 2474, 3138, 3301, 5905, 6700, 4602, 5339, 5891, 3580
139, 199, 200, 201, 398, 1389, 1569, 1727, 2063, 2850, 3581, 3895, 2240, 2950, 2402, 6239, 6158, 2974, 2972, 2973, 4830, 6546, 6159, 4081, 2366, 5848, 2064, 6595
1101, 1921, 1923, 2316, 2671, 3301, 3580, 3648, 4602, 5279, 5339, 5891, 6700, 2829, 1581, 2474, 6786, 3138, 1125
1040, 1147, 1309, 2445, 2795, 4091, 5088, 5092, 6108, 6142, 6255, 6349, 1732, 6522, 6647, 326, 5835, 6601
26, 523, 950, 1592, 1850, 2014, 2541, 2776, 3037, 3320, 3420, 5715, 3559, 6573, 4154, 3265, 304, 5531, 4321, 4512, 1185, 2456, 5068
97, 1101, 1125, 1581, 1921, 1966, 2474, 3138, 3301, 5905, 6700, 6786, 5891, 3282
266, 303, 464, 504, 1124, 1299, 1421, 2949, 4845, 6388, 6751
1740, 2294, 2820, 3345, 4886, 4989, 4991, 5257, 5338, 5594, 5633, 5864
1086, 1087, 1088, 1521, 1789, 3568, 4694, 4696, 4697, 5256, 6473, 6770, 4693, 4388, 2078, 2076, 2077, 4692
1596, 1740, 2803, 2820, 2821, 2822, 3345, 4886, 4989, 4991, 5257, 5283
71, 335, 1117, 1305, 1786, 1835, 1947, 3443, 4828, 5021, 6095, 6234
302, 604, 1081, 2177, 2286, 2662, 3179, 3263, 4447, 4683, 6620
945, 946, 1063, 2141, 2142, 3081, 3082, 6748, 6798, 6829, 6830, 6851
246, 420, 1455, 2597, 3056, 3743, 3993, 4106, 4558, 5112, 5163, 5270
1008, 2681, 2806, 4593, 4681, 4940, 5031, 6531, 6616, 6766, 6870
725, 1246, 3362, 3413, 3629, 5841, 6127, 6538, 6624
158, 159, 1842, 4021, 4509, 5576, 5616, 6677
633, 806, 3103, 5492, 6033, 6796
1306, 1353, 3247, 4371, 4372, 4790, 6451, 3494
587, 632, 2325, 2784, 3326, 3720, 3883, 4442, 4617, 6278
1074, 3274, 4715
387, 525, 895, 2186, 3512, 3624, 4768, 5192, 4412, 3365, 5886, 4895, 4425, 241, 4413, 5630
869, 4113, 5582, 5652, 6394
700, 1822, 2689, 3157, 6293, 6294, 4780, 6297, 6292
194, 1208, 1209, 1556, 3830, 1554, 1555
1097, 1357, 1398, 1410, 1897, 2202, 3202, 3394, 4158, 4598, 4669, 6375
772, 773, 774, 1263, 2537, 3098
2639, 4544, 6021, 6501
93, 1430, 1731, 1760, 2323, 3492, 3497, 4823, 6761, 42, 6709, 2221, 5558, 301, 1917
1928, 4071, 4072, 4073, 5230, 5674, 6634, 6635, 6838, 5248, 1743, 237, 5901, 4178, 3572, 2303, 3386
89, 2258, 2982, 3591, 5021
379, 1998, 4506, 5811
1516, 1525, 1911, 2055, 2080, 2557, 2899, 3963, 3984, 4420, 5797, 5854, 3388, 4663, 3271, 3630, 2381, 5038, 3722
1640, 3668, 5788
384, 618, 974, 1313, 1703, 2151, 3787, 5059, 5094, 5351, 5549, 6686, 6763, 5399, 2655
1976, 4044, 5722, 5868, 5956
410, 691, 897, 1032, 1283, 1491, 1552, 3343, 5742, 5938, 6513, 6617, 6640, 6533, 5813, 2162, 3193, 1599, 6354, 3479, 5554, 336, 5402, 6528, 3211
100, 219, 497, 506, 1563, 1852, 2818, 2855, 3040, 3159, 4238, 4736, 3859, 2259, 4881, 2768, 3185, 3079, 5767, 753, 5389, 240, 5773, 5106, 1315, 4364, 191
336, 410, 691, 1283, 1491, 1552, 3211, 3479, 5550, 6356, 6513, 6533, 897, 6617, 6528, 1032, 3951, 1599, 5813
671, 976, 986, 1396, 1579, 1682, 1942, 2192, 2506, 2621, 3518, 4323, 693, 4018, 5578, 1015, 4435, 4467, 2715
297, 1205, 1218, 1504, 1534, 1815, 1823, 3001, 3135, 5465, 6363, 6865, 6369, 2339
26, 523, 874, 950, 1185, 1592, 2014, 2776, 3037, 3226, 3265, 6049, 3320, 3351, 4154, 4794, 4321, 6409, 4512, 5754, 2541
80, 1048, 1527, 2313, 2684, 3190, 3372, 4148, 4261, 4571, 4868, 6129, 5454, 3458, 4082, 4836, 2834, 1790, 4806, 359, 47, 6209, 5232, 4573, 2308, 418, 5825, 1194, 5821, 5548, 1001, 1423
705, 1172, 1494, 1709, 2565, 2610, 2706, 3148, 3177, 3818, 5010, 6908, 3737, 3571
291, 671, 976, 986, 1015, 1396, 1579, 1682, 1942, 2192, 2506, 2621, 5578, 2715, 3778
23, 965, 1102, 1258, 1498, 2057, 2058, 2059, 2073, 2348, 5261, 5263, 756, 3329, 760, 5161, 2349, 493, 2054, 6680, 2412, 6669, 1475, 6257
187, 455, 515, 1358, 2828, 3692, 3724, 5079, 5228, 5649, 6103, 6792, 2318, 4592, 2085
71, 89, 335, 1117, 1305, 1786, 1835, 1947, 3443, 4828, 6095, 6234
2028, 2269, 2837, 3700, 4074, 4764, 4773, 6240, 6252, 6779
108, 517, 777, 953, 4045, 4732, 5039, 5357, 5484, 5651, 5777, 6287
652, 724, 1097, 1398, 2228, 3223, 3395, 3604, 3605, 3807, 3981, 4977, 4598, 6375, 1500, 1410
1847, 1902, 2340, 2358, 2738, 2943, 3260, 3823, 6488, 3824, 2465, 722, 5056
1551, 1948, 3073, 4022, 4727, 5266, 5328, 5631, 5941, 5967, 6636, 6799
108, 517, 777, 953, 1708, 4045, 4732, 5039, 5357, 5484, 5777, 6287
123, 876, 2190, 2241, 2777, 3577, 4566, 4711, 4905, 4961, 5453, 5487
1484, 1977, 3548, 4248, 4928, 4968, 5473, 5621, 5766, 6164, 6579, 6404, 5540, 5226, 1845, 1633, 274, 3310, 4239
2398, 3656, 4120, 5413, 5603, 6497, 4543
572, 1524, 2216, 3588
392, 1530, 3409, 5687, 6006
7, 1575, 2118, 5596, 6689
1856, 1857, 2967, 3085, 4003
165, 421, 1393, 4285, 6205, 6753
602, 2410, 2411, 5961, 6090
440, 488, 747, 3800, 4270, 6387, 6457
1765, 2109, 2801, 3927, 4157
548, 1458, 3609, 6474, 6648, 69
312, 701, 927, 1041, 1443, 1615, 1704, 2932, 3300, 4406, 5397, 6282, 4661, 1986, 1151, 5775, 1733, 4937, 6666, 4404
255, 274, 463, 1633, 1845, 2044, 2282, 3303, 3310, 3801, 4426, 4656, 3147, 5721, 5766, 5540, 6867, 6404
927, 1041, 1443, 1615, 1704, 2110, 2604, 2626, 3300, 4406, 5127, 6282, 5397, 2932, 6052, 1733, 5775, 3694, 4661, 4404, 701
326, 412, 641, 1309, 1572, 1732, 1890, 3353, 4091, 4726, 4882, 5024, 5088, 3738, 6349, 6647, 2851, 6502, 3133, 1147, 1040, 6142, 6522, 5835, 6108, 2795, 5884, 4822
292, 818, 1506, 1941, 2114, 2328, 2399, 2515, 3434, 3440, 5495, 5955, 4485, 2554, 3087, 3357, 6003, 3831, 2257, 5438, 1046, 519, 5199, 848, 5518, 5756, 3613
964, 1272, 1613, 3446, 3707, 3835, 4312, 4954, 6035, 6515, 6690, 6702, 3248, 2835, 6110, 6545, 3704, 6868, 3675, 2922, 4056, 1372
375, 1024, 1477, 1618, 2027, 2538, 2903, 3023, 3173, 3519, 5477, 6566, 3946, 4595, 6773, 5650, 3877, 5187, 6554, 2275, 319
298, 333, 520, 1369, 1436, 2296, 2606, 3332, 4449, 5179, 6543, 6804, 1536, 4600, 4877, 3673
1536, 1839, 2296, 2606, 3332, 3673, 4392, 4449, 5545, 5762, 6543, 6804, 4434, 5179, 1436, 1369, 4877, 2749, 339, 4827, 520, 298, 4600
691, 3343, 4723, 5554, 5742, 5813, 6354, 6490, 6513, 6528, 6533, 6640, 1599, 897, 1032, 6617, 336, 3951, 5402
122, 397, 860, 1122, 1127, 1178, 1370, 1969, 3436, 6487, 4713, 4947, 1833, 845
272, 296, 355, 685, 1184, 2632, 2883, 2890, 5330, 6066
16, 4065, 4533, 4729, 5181, 5275, 6123, 6564
1120, 2403, 3821, 4424, 4721, 5356, 6181, 6587
617, 1405, 1794, 3741, 3742, 4349, 5195, 6431
384, 618, 1313, 2151, 5059, 5094, 5549, 6686, 6763, 5351, 1703, 974, 5399
77, 211, 213, 1329, 1634, 3128, 3348, 4089, 5067, 960, 5609, 5362, 0, 5563, 5063, 2295, 3124, 3880, 2115
654, 1085, 2105, 2250, 2802, 2862, 3235, 3533, 4889, 5073, 5425, 6048, 5781, 6083, 6302, 1216, 3378, 4172, 5459
187, 515, 1358, 2828, 3692, 3724, 5079, 5649, 6792, 455, 5228, 6103
284, 1150, 2422, 3032, 3218, 3279, 3872, 3973, 4751, 6667, 3717, 222, 5646
13, 1867, 3050, 4196, 6418, 6506, 5774, 3466
1857, 1858, 1859, 2153
546, 749, 1282, 2154, 4050, 4771, 5293, 5653
1419, 1712, 3178, 4004, 4223, 5432
1045, 3852, 3853, 4368, 5945
2292, 3562, 5844, 6064, 6496
2149, 2176, 3407, 5100, 5617, 6323
81, 1257, 1381, 1394, 5004, 5005, 6069
985, 2533, 3373, 3814, 5103
2225, 4316, 4840, 5682, 5758, 5928
823, 1466, 2620, 6524
2201, 3642, 5539, 6306
27, 283, 2556, 5033, 6645, 6771
126, 4982, 6082, 6406
1141, 2189, 5785, 6633
483, 1982, 3723, 5172
1847, 2340, 2465, 2591, 2738, 3260, 5056
105, 3863, 5571, 6916
638, 1090, 6416, 6443
1536, 1839, 2606, 4392, 5762, 3673, 6804, 2296
526, 594, 1027, 1189, 1874, 1935, 4857, 5511
741, 4938, 5236, 5295, 5337, 5639, 6001, 6713
595, 1680, 2129, 2794, 3208, 3775, 5488, 5677, 6413
533, 2234, 3646, 3844, 4678, 5589, 6053, 6529
661, 817, 1131, 1528, 2198, 2595, 4883, 5091, 5285, 6419, 3132, 665, 4540, 2735, 660, 662, 659
424, 698, 739, 909, 3318, 4749, 6040, 6893, 6920
2653, 2810, 3767, 3768, 5809
880, 899, 1453, 2106, 3669, 3802, 3950, 6422
186, 2579, 2594, 2968, 3026, 4042, 4607
1834, 1836, 6813, 6814, 6832, 6846, 6898
1756, 2055, 2346, 2638, 4554, 4832, 5999, 6314
161, 162, 366, 3294, 6199
3191, 3192, 4063, 4153
627, 4455, 5211, 5552
62, 3115, 3321, 6336, 6448
458, 2683, 4263, 4587, 5997
435, 2725, 5636, 5916
1030, 5241, 5585, 5887
400, 513, 2368, 5480, 6163
1570, 1571, 2160, 2508, 5669
1004, 2048, 3244, 6886, 6900, 6906, 6907
749, 1282, 1363, 2147, 2154, 4050, 5293
1380, 3936, 5504, 5871
677, 1013, 2663, 3012, 5493, 5494, 5943, 6023
40, 1322, 1589, 4401, 6097
1021, 2174, 2175, 4887, 4978, 4979, 4980, 4981, 6036, 6925
386, 1254, 1304, 1431, 4966, 5318, 5980
1249, 3644, 4465, 5786, 5966, 6289
816, 2750, 2772, 5757, 6408
725, 1246, 3362, 3629, 5841, 6127, 6624
866, 998, 1604, 3104, 3983, 4744, 6598
426, 966, 3261, 4894, 6072
2611, 2824, 4613, 4619, 5608
1489, 2277, 2287, 6542, 6591
1725, 3884, 3996, 4375, 5479
334, 459, 5765, 6298, 6923
2020, 2208, 4992, 5326
1570, 1571, 2508, 5669
10, 2472, 5150, 5151, 5572
300, 2188, 2442, 4358, 4714, 6044, 6351
49, 925, 983, 1099, 1113, 1198, 1298, 1492, 2898, 3171, 4189, 6286, 2369, 155, 2083, 2084, 1695, 2615, 1547, 805, 1985, 1960, 2223, 2285, 1609, 606, 1742, 2382, 2502, 1129
49, 1198, 1492, 1742, 2083, 2084, 2894, 3171, 3238, 4862, 5191, 6060, 925, 321, 243, 1547, 1298, 1099, 1113, 155, 805
49, 155, 925, 983, 1492, 2382, 2615, 2937, 3171, 3238, 6366, 6562, 1129, 1547, 1298, 2083, 2223, 1742, 570, 1113, 2084, 606, 243, 1862
444, 1175, 1748, 2194, 2244, 3259, 3418, 3530, 4247, 5553, 5723, 6172, 3539, 3647
49, 155, 805, 925, 1099, 1492, 2615, 2937, 3171, 4756, 4893, 5340, 1129, 1960, 2369, 243, 2083, 2382, 2084
1140, 1361, 1844, 2443, 2864, 4109, 4960, 5111, 5180, 5202, 5586, 6750, 4673, 3502, 524, 3739, 5132, 2430, 1692
318, 444, 1478, 2194, 2979, 3259, 3530, 3539, 3647, 4730, 5553, 6172, 2244, 3776, 1175, 3418, 5780, 5460, 719, 1713, 5723, 1816, 4247, 4454, 445, 4310, 4067
49, 925, 983, 1099, 1113, 1198, 1298, 1492, 1547, 1609, 1960, 3171, 1129, 1695, 2894, 2084, 606, 1742, 243, 155, 2878, 2382, 2369, 805, 2083, 1985, 2615, 1862, 2285, 2223, 2814, 2502
49, 155, 805, 925, 983, 1099, 1198, 1492, 2615, 3171, 6366, 6562, 1129, 2223, 1695, 2502, 2814, 1113, 243, 2083, 1960, 1985, 2369, 1609, 1862, 2382, 606, 1742
318, 444, 719, 1175, 1748, 2194, 2244, 3259, 3530, 4247, 5553, 5723, 3418, 3776, 5460, 352
1030, 3484, 5241, 5585, 5887
417, 3414, 5379, 5676, 6423, 6510, 6691, 6701
2394, 2395, 2900, 3064, 4475, 4476, 4478, 6780
1802, 5204, 6086, 6454, 6611
979, 2717, 3969, 4698, 5300
44, 2640, 3312, 3349, 3441, 3708, 5343, 5606
2566, 2567, 2593, 2920, 3759, 4748, 4953, 6632
2542, 3431, 4399, 5665, 5667
2535, 2601, 3027, 3754, 3832, 4640
308, 4703, 4739, 5353, 5761, 1448
1484, 1977, 3548, 4239, 4248, 4928, 4968, 5226, 5473, 5621, 6164, 6579, 5766, 325
561, 850, 851, 1637, 2011, 2135, 2464, 6774, 6802, 6812, 6843, 6844
533, 1457, 2234, 3201, 3646, 3844, 4548, 4678, 5589, 6053, 6275, 6529
104, 225, 1224, 2116, 3280, 4648, 5526, 5802, 6603, 6676
1088, 1521, 1788, 1789, 2076, 2077, 2078, 4692, 4693, 4695, 4696, 4697
1474, 2876, 3273, 3364, 3496, 4306, 4495, 5746, 5747, 6104
779, 3005, 3342, 3389, 3428, 3912, 4738, 5705, 5707, 5708, 6010
246, 420, 1455, 3056, 3743, 3993, 4106, 4558, 5112, 5163, 5270
614, 659, 660, 661, 662, 721, 1130, 1238, 2735, 4609, 6101, 6419, 3132, 656, 657
36, 621, 932, 1854, 1855, 3366, 3889, 4001, 4354, 5099, 6250, 6384
787, 1060, 1068, 2173, 3490, 5462, 5745
429, 436, 2280, 3317, 3631, 3711, 3712, 5510, 5604, 6430
1762, 1990, 2061, 2941, 3465, 4035, 4092
566, 1420, 1597, 1598, 6872, 6873, 6903, 6904, 6905
787, 1060, 1068, 1868, 2173, 2608, 5462, 5517, 5745
772, 773, 774, 1263, 2537, 3098, 4039, 5951, 6405
566, 1420, 1597, 1598, 6693, 6872, 6873, 6903, 6904, 6905
1163, 1979, 2181, 3072, 3099, 3368, 4429, 4707, 4890, 6537
347, 735, 2050, 2736, 2957, 4124, 4815, 5681, 5974, 6738, 6866, 6797, 713, 1241
78, 1374, 1375, 2136, 2137, 2559, 5849
353, 537, 840, 1642, 1687, 1974, 2101, 2628, 4496, 4716, 5404, 5837, 2516, 2343
394, 395, 2512, 2996, 4384, 4445, 4513, 4682, 4990, 5751, 6198, 6503, 5043
390, 439, 531, 797, 1866, 2629, 2823, 3139, 4057, 5335, 6285, 6389, 1741, 6757, 750, 6472, 6627, 6744, 5237
227, 748, 1270, 1328, 2737, 2886, 3187, 4123, 4215, 5110, 6472, 5237
190, 227, 748, 1270, 1328, 2737, 2886, 3187, 4123, 4215, 5110, 5237, 6389, 6472
740, 1056, 1154, 1345, 1379, 2679, 4040, 4671, 4843, 5942
501, 1460, 1774, 1996, 2146, 3789, 3866, 4668, 5344, 6291, 6407, 6639
224, 467, 476, 990, 1915, 1992, 3016, 4850, 5481, 6246, 6618
652, 1097, 1398, 2228, 3223, 3395, 3605, 3807, 3981, 4977
767, 3336, 3337, 3464, 3836, 4184, 4874, 5428, 5501
330, 2022, 2098, 2219, 2461, 6063, 6626
734, 3398, 3636, 3639, 3667, 5095, 5592, 5792
495, 611, 804, 952, 1737, 2220, 4971, 5710, 6724
715, 973, 1517, 2100, 2921, 4898, 5309, 6721
526, 594, 1189, 1874, 1935, 3225, 3901, 4857, 6187
370, 2365, 2896, 2976, 3916, 4921, 5800, 5924
94, 1067, 3110, 3914, 4667, 5135, 5566, 5610, 6452
1804, 3341, 6748, 6798, 6826, 6829, 6830
1714, 2304, 2331, 2462, 2741, 4735, 6527, 6560
470, 1330, 3660, 3756, 4086, 4642, 4900, 6679
10, 2472, 5150, 5151, 5525, 5572
1570, 1571, 2160, 5669
886, 1211, 2190, 3935, 4930, 6746
499, 1717, 3698, 3928
186, 1803, 2968, 3399, 3416, 4552, 5203, 6025
95, 369, 1501, 2025, 3715, 5843, 6659
2236, 3676, 4842, 5122
289, 1730, 5233, 5488, 6705
896, 4753, 5561, 6084
513, 2368, 2676, 4922, 5480, 6163